2 0
3 1
4 0
5 3
6 5
7 6
8 3
9 11
10 11
11 8
12 12
13 11
14 16
15 36
16 21
17 14
18 33
19 14
20 32
21 43
22 28
23 22
24 54
25 40
26 29
27 37
28 48
29 18
30 94
31 22
32 69
33 67
34 36
35 78
36 90
37 27
38 37
39 81
40 110
41 27
42 127
43 23
44 79
45 134
46 51
47 40
48 184
49 69
50 94
51 77
52 92
53 28
54 111
55 113
56 157
57 98
58 54
59 35
60 251
61 37
62 51
63 195
64 184
65 123
66 168
67 30
68 109
69 90
70 227
71 43
72 255
73 46
74 64
75 177
76 123
77 129
78 207
79 52
80 358
81 146
82 71
83 44
84 345
85 143
86 62
87 115
88 221
89 44
90 373
91 149
92 135
93 113
94 77
95 192
96 476
97 64
98 138
99 231
100 256
101 37
102 219
103 43
104 246
105 472
106 71
107 41
108 310
109 48
110 312
111 153
112 471
113 53
114 247
115 165
116 172
117 257
118 92
119 255
120 677
121 134
122 87
123 131
124 173
125 119
126 484
127 54
128 375
129 147
130 320
131 48
132 467
133 197
134 79
135 425
136 303
137 49
138 264
139 54
140 630
141 158
142 98
143 266
144 806
145 245
146 91
147 265
148 193
149 45
150 469
151 57
152 321
153 300
154 377
155 203
156 528
157 56
158 104
159 200
160 877
161 249
162 321
163 57
164 219
165 604
166 109
167 81
168 895
169 150
170 402
171 309
172 215
173 57
174 297
175 441
176 669
177 189
178 101
179 65
180 998
181 63
182 401
183 163
184 364
185 202
186 283
187 215
188 204
189 475
190 412
191 84
192 1004
193 86
194 108
195 639
196 424
197 55
198 640
199 72
200 657
201 188
202 105
203 233
204 609
205 216
206 99
207 379
208 702
209 256
210 1182
211 57
212 228
213 152
214 105
215 272
216 841
217 301
218 115
219 183
220 846
221 263
222 351
223 84
224 1142
225 791
226 114
227 60
228 658
229 67
230 428
231 756
232 408
233 70
234 672
235 232
236 249
237 181
238 557
239 117
240 1894
241 117
242 274
243 265
244 273
245 465
246 327
247 268
248 435
249 186
250 334
251 75
252 1279
253 302
254 118
255 798
256 751
257 75
258 356
259 276
260 962
261 407
262 124
263 96
264 1228
265 306
266 491
267 175
268 270
269 58
270 1056
271 75
272 828
273 891
274 127
275 526
276 748
277 80
278 128
279 521
280 1598
281 92
282 402
283 66
284 298
285 795
286 587
287 376
288 1797
289 193
290 527
291 192
292 281
293 59
294 693
295 247
296 474
297 636
298 120
299 315
300 1308
301 322
302 126
303 228
304 919
305 289
306 804
307 71
308 1073
309 215
310 528
311 93
312 1371
313 95
314 128
315 1576
316 306
317 79
318 414
319 365
320 1772
321 270
322 568
323 306
324 848
325 551
326 123
327 209
328 481
329 306
330 1522
331 68
332 289
333 435
334 163
335 411
336 2487
337 128
338 305
339 235
340 1120
341 292
342 845
343 243
344 519
345 842
346 127
347 75
348 815
349 74
350 1091
351 816
352 1519
353 90
354 436
355 300
356 338
357 935
358 162
359 132
360 2592
361 247
362 166
363 477
364 1247
365 294
366 404
367 88
368 996
369 475
370 515
371 305
372 810
373 86
374 573
375 621
376 507
377 303
378 1270
379 79
380 1092
381 226
382 149
383 105
384 1929
385 1456
386 144
387 441
388 333
389 75
390 1666
391 358
392 1023
393 249
394 145
395 320
396 1745
397 93
398 143
399 1131
400 1825
401 98
402 434
403 334
404 327
405 922
406 611
407 409
408 1507
409 104
410 585
411 220
412 328
413 302
414 901
415 339
416 1714
417 282
418 713
419 109
420 3143
421 110
422 153
423 495
424 593
425 614
426 398
427 315
428 318
429 1022
430 615
431 114
432 2211
433 122
434 651
435 920
436 374
437 336
438 474
439 111
440 2090
441 1146
442 693
443 91
444 947
445 328
446 158
447 299
448 2277
449 103
450 1770
451 339
452 356
453 224
454 154
455 1556
456 1621
457 124
458 146
459 782
460 1218
461 76
462 1962
463 89
464 1136
465 1004
466 165
467 94
468 1856
469 371
470 607
471 254
472 610
473 353
474 454
475 706
476 1423
477 571
478 205
479 173
480 4422
481 579
482 194
483 1081
484 737
485 337
486 630
487 79
488 594
489 258
490 1169
491 78
492 925
493 334
494 625
495 2070
496 1119
497 366
498 463
499 92
500 983
501 263
502 178
503 137
504 3181
505 447
506 779
507 509
508 393
509 77
510 1890
511 400
512 1215
513 856
514 157
515 336
516 999
517 393
518 667
519 322
520 2266
521 111
522 1058
523 87
524 391
525 1993
526 195
527 519
528 3240
529 286
530 717
531 563
532 1491
533 366
534 457
535 330
536 668
537 268
538 147
539 806
540 2792
541 116
542 173
543 287
544 1934
545 359
546 2131
547 88
548 381
549 484
550 1371
551 464
552 1782
553 461
554 174
555 1036
556 402
557 101
558 1155
559 508
560 4222
561 1533
562 191
563 103
564 1059
565 349
566 144
567 1221
568 653
569 88
570 1951
571 95
572 1517
573 283
574 792
575 954
576 3683
577 136
578 372
579 273
580 1426
581 360
582 472
583 375
584 650
585 2143
586 151
587 103
588 1916
589 431
590 637
591 271
592 1219
593 99
594 1613
595 1437
596 391
597 267
598 820
599 145
600 3146
601 144
602 741
603 540
604 411
605 703
606 522
607 117
608 2028
609 1284
610 715
611 448
612 2230
613 119
614 180
615 1273
616 2713
617 117
618 551
619 106
620 1481
621 932
622 196
623 533
624 3538
625 512
626 175
627 1205
628 404
629 367
630 3902
631 103
632 663
633 252
634 170
635 336
636 1058
637 861
638 807
639 691
640 3281
641 127
642 548
643 87
644 1582
645 1100
646 778
647 125
648 2018
649 453
650 1419
651 1103
652 402
653 87
654 498
655 351
656 1302
657 588
658 780
659 119
660 3966
661 121
662 180
663 1254
664 721
665 1640
666 1064
667 409
668 415
669 304
670 807
671 626
672 5553
673 192
674 220
675 1821
676 911
677 102
678 571
679 520
680 2706
681 338
682 810
683 104
684 2301
685 379
686 545
687 297
688 1328
689 408
690 2049
691 98
692 395
693 2492
694 184
695 436
696 2015
697 482
698 177
699 309
700 2912
701 115
702 1960
703 486
704 3065
705 1300
706 190
707 390
708 1152
709 105
710 690
711 590
712 720
713 430
714 2325
715 1700
716 451
717 304
718 251
719 210
720 6606
721 682
722 455
723 312
724 537
725 862
726 1177
727 133
728 2970
729 643
730 753
731 427
732 1146
733 112
734 169
735 2413
736 2194
737 455
738 1177
739 106
740 1585
741 1349
742 784
743 127
744 2034
745 435
746 189
747 603
748 1705
749 393
750 1599
751 104
752 1395
753 312
754 849
755 408
756 3549
757 127
758 199
759 1517
760 2791
761 121
762 556
763 400
764 451
765 2385
766 191
767 540
768 3313
769 139
770 3295
771 273
772 438
773 88
774 1091
775 799
776 742
777 1255
778 186
779 496
780 4399
781 538
782 924
783 1146
784 2761
785 449
786 576
787 89
788 457
789 296
790 817
791 560
792 4180
793 598
794 214
795 1189
796 492
797 108
798 2583
799 564
800 3931
801 767
802 199
803 478
804 1209
805 1641
806 758
807 285
808 729
809 96
810 2318
811 105
812 1693
813 300
814 970
815 539
816 4038
817 577
818 213
819 2770
820 1647
821 104
822 543
823 94
824 779
825 2428
826 821
827 111
828 2510
829 126
830 824
831 404
832 3371
833 1117
834 637
835 464
836 2089
837 1178
838 275
839 224
840 7683
841 396
842 261
843 333
844 520
845 837
846 1220
847 950
848 1457
849 327
850 1579
851 476
852 1163
853 104
854 756
855 2493
856 734
857 90
858 2570
859 110
860 1643
861 1328
862 231
863 162
864 4935
865 568
866 204
867 634
868 1872
869 477
870 2308
871 479
872 813
873 632
874 851
875 1282
876 1265
877 116
878 204
879 424
880 5507
881 152
882 2685
883 125
884 1963
885 1264
886 220
887 135
888 2264
889 536
890 792
891 1479
892 478
893 482
894 609
895 480
896 4250
897 1673
898 210
899 528
900 4590
901 507
902 921
903 1357
904 815
905 390
906 537
907 98
908 443
909 620
910 3615
911 162
912 4169
913 599
914 230
915 1231
916 497
917 417
918 2073
919 141
920 3105
921 385
922 226
923 547
924 5217
925 981
926 214
927 740
928 2542
929 133
930 2422
931 959
932 506
933 328
934 227
935 2313
936 4491
937 158
938 896
939 327
940 1719
941 100
942 601
943 481
944 1509
945 4159
946 869
947 123
948 1286
949 517
950 1731
951 407
952 3281
953 140
954 1314
955 437
956 542
957 1514
958 274
959 736
960 8295
961 397
962 1052
963 698
964 570
965 421
966 2635
967 121
968 1611
969 1464
970 771
971 109
972 1767
973 460
974 177
975 2616
976 1542
977 124
978 603
979 454
980 3234
981 692
982 196
983 132
984 2335
985 479
986 895
987 1374
988 1974
989 476
990 5116
991 136
992 2439
993 346
994 873
995 391
996 1270
997 108
998 193
999 1178
1000 2301
1001 2233
1002 635
1003 491
1004 549
1005 1335
1006 262
1007 748
1008 8387
1009 219
1010 984
1011 371
1012 2073
1013 122
1014 1274
1015 1940
1016 899
1017 688
1018 205
1019 131
1020 4924
1021 135
1022 890
1023 1514
1024 2081
1025 890
1026 2075
1027 501
1028 484
1029 952
1030 800
1031 132
1032 2337
1033 143
1034 978
1035 2818
1036 1994
1037 536
1038 700
1039 178
1040 6010
1041 447
1042 234
1043 511
1044 2815
1045 2120
1046 183
1047 324
1048 857
1049 118
1050 4807
1051 103
1052 509
1053 1674
1054 1098
1055 648
1056 7096
1057 703
1058 521
1059 356
1060 1952
1061 126
1062 1401
1063 133
1064 3511
1065 1482
1066 951
1067 517
1068 1353
1069 125
1070 841
1071 3187
1072 1609
1073 501
1074 618
1075 934
1076 509
1077 332
1078 2044
1079 731
1080 6663
1081 739
1082 262
1083 722
1084 581
1085 1951
1086 643
1087 155
1088 3802
1089 1615
1090 876
1091 133
1092 5639
1093 148
1094 217
1095 1355
1096 936
1097 114
1098 1295
1099 506
1100 3701
1101 363
1102 1045
1103 177
1104 4661
1105 2397
1106 962
1107 1083
1108 508
1109 118
1110 2462
1111 469
1112 878
1113 1476
1114 227
1115 482
1116 2908
1117 145
1118 1079
1119 541
1120 9380
1121 688
1122 3308
1123 140
1124 572
1125 2085
1126 217
1127 1150
1128 2389
1129 161
1130 817
1131 1470
1132 474
1133 454
1134 2939
1135 448
1136 1683
1137 360
1138 217
1139 555
1140 5286
1141 592
1142 241
1143 833
1144 3866
1145 523
1146 658
1147 553
1148 2134
1149 366
1150 2003
1151 191
1152 6626
1153 182
1154 235
1155 5887
1156 1073
1157 506
1158 642
1159 586
1160 3250
1161 1241
1162 905
1163 115
1164 1360
1165 430
1166 931
1167 343
1168 1541
1169 490
1170 5316
1171 108
1172 481
1173 1464
1174 238
1175 1173
1176 4585
1177 653
1178 969
1179 734
1180 1870
1181 115
1182 671
1183 1100
1184 2719
1185 1450
1186 220
1187 142
1188 4494
1189 519
1190 3853
1191 358
1192 925
1193 103
1194 622
1195 454
1196 2208
1197 3322
1198 286
1199 801
1200 8367
1201 236
1202 281
1203 373
1204 2158
1205 448
1206 1329
1207 491
1208 916
1209 1557
1210 1752
1211 465
1212 1400
1213 138
1214 216
1215 2112
1216 3860
1217 150
1218 2986
1219 534
1220 1971
1221 1687
1222 1080
1223 193
1224 5163
1225 2307
1226 253
1227 343
1228 587
1229 118
1230 2911
1231 175
1232 6890
1233 954
1234 250
1235 2313
1236 1511
1237 132
1238 213
1239 1733
1240 3396
1241 612
1242 2283
1243 533
1244 554
1245 1408
1246 1093
1247 726
1248 7599
1249 204
1250 1027
1251 737
1252 563
1253 475
1254 3005
1255 462
1256 968
1257 356
1258 1058
1259 171
1260 10296
1261 718
1262 265
1263 378
1264 1808
1265 2140
1266 620
1267 486
1268 511
1269 1127
1270 849
1271 585
1272 2504
1273 596
1274 1950
1275 2968
1276 2238
1277 131
1278 1506
1279 162
1280 5678
1281 1827
1282 230
1283 123
1284 1522
1285 489
1286 196
1287 3680
1288 3761
1289 143
1290 2775
1291 134
1292 2271
1293 350
1294 248
1295 2456
1296 5311
1297 179
1298 1103
1299 372
1300 4035
1301 114
1302 2874
1303 113
1304 925
1305 2836
1306 208
1307 140
1308 1407
1309 2436
1310 883
1311 1741
1312 2765
1313 550
1314 1453
1315 491
1316 2206
1317 415
1318 303
1319 237
1320 9607
1321 238
1322 272
1323 2412
1324 605
1325 1000
1326 3109
1327 136
1328 1736
1329 393
1330 4065
1331 435
1332 2907
1333 528
1334 1028
1335 1425
1336 927
1337 533
1338 669
1339 533
1340 2056
1341 811
1342 1221
1343 867
1344 10559
1345 752
1346 295
1347 383
1348 617
1349 560
1350 4250
1351 595
1352 1910
1353 1671
1354 230
1355 469
1356 1564
1357 571
1358 1039
1359 968
1360 6754
1361 177
1362 784
1363 574
1364 2392
1365 6445
1366 260
1367 190
1368 5470
1369 356
1370 986
1371 375
1372 1669
1373 136
1374 665
1375 1656
1376 2944
1377 1915
1378 1049
1379 559
1380 5572
1381 158
1382 216
1383 327
1384 931
1385 460
1386 6152
1387 515
1388 531
1389 332
1390 962
1391 670
1392 4956
1393 689
1394 1131
1395 3060
1396 602
1397 568
1398 766
1399 183
1400 7002
1401 505
1402 266
1403 661
1404 5081
1405 553
1406 1076
1407 1871
1408 5473
1409 152
1410 2857
1411 532
1412 575
1413 742
1414 977
1415 551
1416 2609
1417 610
1418 216
1419 1658
1420 1956
1421 1040
1422 1438
1423 143
1424 1804
1425 3119
1426 1060
1427 142
1428 6137
1429 161
1430 4358
1431 1324
1432 994
1433 134
1434 683
1435 2161
1436 608
1437 436
1438 321
1439 281
1440 14224
1441 920
1442 1256
1443 1918
1444 1255
1445 1043
1446 672
1447 151
1448 1047
1449 3545
1450 2018
1451 136
1452 3113
1453 162
1454 258
1455 1845
1456 7559
1457 723
1458 1392
1459 147
1460 2130
1461 365
1462 1071
1463 2622
1464 2693
1465 553
1466 223
1467 731
1468 551
1469 527
1470 5539
1471 158
1472 4150
1473 408
1474 1082
1475 1070
1476 3198
1477 590
1478 237
1479 1843
1480 3717
1481 148
1482 3376
1483 128
1484 2245
1485 5101
1486 273
1487 177
1488 5123
1489 177
1490 1001
1491 1523
1492 604
1493 135
1494 1497
1495 2405
1496 4139
1497 422
1498 1027
1499 145
1500 4432
1501 646
1502 237
1503 864
1504 3077
1505 2324
1506 705
1507 569
1508 2537
1509 399
1510 1064
1511 214
1512 8533
1513 758
1514 286
1515 1535
1516 691
1517 577
1518 3555
1519 1457
1520 6923
1521 1979
1522 241
1523 138
1524 1525
1525 988
1526 910
1527 351
1528 928
1529 532
1530 5870
1531 121
1532 532
1533 1564
1534 1152
1535 625
1536 5637
1537 685
1538 255
1539 2076
1540 8653
1541 623
1542 721
1543 141
1544 1013
1545 1498
1546 216
1547 2583
1548 3180
1549 154
1550 1965
1551 1784
1552 1804
1553 122
1554 3142
1555 488
1556 611
1557 815
1558 1262
1559 242
1560 10480
1561 866
1562 1361
1563 434
1564 2601
1565 566
1566 2679
1567 162
1568 5812
1569 459
1570 989
1571 122
1572 1614
1573 1280
1574 198
1575 6343
1576 1007
1577 567
1578 706
1579 140
1580 2170
1581 1783
1582 1223
1583 232
1584 10679
1585 757
1586 1236
1587 786
1588 634
1589 515
1590 2830
1591 603
1592 1067
1593 1327
1594 246
1595 2601
1596 6577
1597 184
1598 1205
1599 2188
1600 7774
1601 171
1602 1598
1603 560
1604 621
1605 1462
1606 1123
1607 141
1608 2802
1609 159
1610 4274
1611 779
1612 2416
1613 138
1614 686
1615 2462
1616 1934
1617 3521
1618 235
1619 158
1620 6406
1621 178
1622 254
1623 452
1624 4282
1625 1812
1626 747
1627 141
1628 2565
1629 837
1630 1089
1631 796
1632 8612
1633 818
1634 1178
1635 1531
1636 670
1637 127
1638 6838
1639 636
1640 3724
1641 427
1642 236
1643 577
1644 1576
1645 2121
1646 207
1647 1279
1648 1850
1649 644
1650 6087
1651 604
1652 2300
1653 1856
1654 273
1655 676
1656 5856
1657 191
1658 261
1659 1706
1660 2230
1661 586
1662 822
1663 170
1664 5857
1665 3665
1666 2451
1667 129
1668 1728
1669 143
1670 1049
1671 496
1672 4512
1673 705
1674 2731
1675 1260
1676 762
1677 2088
1678 413
1679 1149
1680 18923
1681 608
1682 753
1683 4126
1684 753
1685 589
1686 750
1687 657
1688 1102
1689 414
1690 2031
1691 589
1692 3265
1693 140
1694 2312
1695 1649
1696 3159
1697 140
1698 759
1699 151
1700 4537
1701 2425
1702 1186
1703 668
1704 2968
1705 2592
1706 243
1707 352
1708 2384
1709 126
1710 6242
1711 588
1712 1974
1713 400
1714 249
1715 1779
1716 7002
1717 643
1718 254
1719 931
1720 3960
1721 157
1722 3312
1723 132
1724 666
1725 3291
1726 289
1727 843
1728 9322
1729 3359
1730 1121
1731 385
1732 690
1733 134
1734 1558
1735 575
1736 4423
1737 913
1738 1216
1739 706
1740 6290
1741 161
1742 1113
1743 1719
1744 2023
1745 513
1746 1527
1747 145
1748 2479
1749 1843
1750 3266
1751 661
1752 2873
1753 177
1754 248
1755 5445
1756 640
1757 589
1758 863
1759 219
1760 12088
1761 597
1762 294
1763 691
1764 6873
1765 633
1766 277
1767 2047
1768 4657
1769 662
1770 3066
1771 2631
1772 636
1773 794
1774 266
1775 1328
1776 5489
1777 183
1778 1083
1779 386
1780 2217
1781 538
1782 3613
1783 150
1784 1001
1785 6819
1786 1138
1787 117
1788 1568
1789 144
1790 1030
1791 999
1792 6973
1793 668
1794 3752
1795 559
1796 724
1797 414
1798 1319
1799 836
1800 10675
1801 246
1802 1306
1803 430
1804 2722
1805 1149
1806 3302
1807 612
1808 1958
1809 1340
1810 953
1811 138
1812 1607
1813 1175
1814 226
1815 3189
1816 1025
1817 679
1818 1655
1819 661
1820 9475
1821 497
1822 314
1823 228
1824 9295
1825 1440
1826 1300
1827 3797
1828 665
1829 579
1830 2981
1831 137
1832 1099
1833 1895
1834 1130
1835 551
1836 5708
1837 717
1838 296
1839 562
1840 7880
1841 768
1842 871
1843 673
1844 743
1845 3612
1846 1402
1847 258
1848 12211
1849 482
1850 2465
1851 431
1852 719
1853 590
1854 1674
1855 2552
1856 4815
1857 492
1858 274
1859 1527
1860 6430
1861 175
1862 2295
1863 2048
1864 1119
1865 502
1866 738
1867 136
1868 633
1869 1738
1870 5338
1871 240
1872 11574
1873 249
1874 316
1875 1764
1876 2631
1877 147
1878 754
1879 159
1880 4044
1881 4148
1882 248
1883 583
1884 1650
1885 2504
1886 1138
1887 1927
1888 3187
1889 168
1890 9943
1891 622
1892 2531
1893 376
1894 270
1895 615
1896 3043
1897 678
1898 1182
1899 861
1900 4643
1901 160
1902 874
1903 720
1904 8462
1905 1944
1906 289
1907 165
1908 3514
1909 621
1910 1005
1911 3746
1912 1117
1913 145
1914 3427
1915 548
1916 655
1917 1426
1918 1357
1919 988
1920 14791
1921 1006
1922 648
1923 480
1924 2883
1925 5082
1926 1581
1927 634
1928 1140
1929 419
1930 1017
1931 155
1932 7027
1933 162
1934 267
1935 3581
1936 4197
1937 630
1938 3652
1939 585
1940 2354
1941 402
1942 244
1943 686
1944 4064
1945 605
1946 1020
1947 1718
1948 603
1949 122
1950 6354
1951 164
1952 3159
1953 3897
1954 264
1955 2466
1956 1708
1957 644
1958 1189
1959 521
1960 7614
1961 735
1962 1732
1963 641
1964 667
1965 1591
1966 268
1967 723
1968 5738
1969 777
1970 1080
1971 1388
1972 2757
1973 154
1974 3553
1975 1261
1976 5008
1977 485
1978 1354
1979 212
1980 13449
1981 748
1982 300
1983 460
1984 5030
1985 603
1986 775
1987 141
1988 2515
1989 4030
1990 979
1991 670
1992 2946
1993 176
1994 222
1995 6877
1996 620
1997 135
1998 2696
1999 180
2000 5601
2001 2083
2002 5323
2003 144
2004 1644
2005 522
2006 1194
2007 882
2008 1070
2009 1308
2010 3000
2011 156
2012 657
2013 2007
2014 1478
2015 3664
2016 17906
2017 313
2018 375
2019 504
2020 2594
2021 653
2022 829
2023 1510
2024 4848
2025 4103
2026 277
2027 156
2028 3501
2029 157
2030 4788
2031 424
2032 2089
2033 609
2034 1641
2035 2485
2036 659
2037 1816
2038 319
2039 256
2040 11455
2041 953
2042 323
2043 942
2044 2700
2045 592
2046 3612
2047 647
2048 3164
2049 451
2050 2253
2051 606
2052 5652
2053 177
2054 1134
2055 1603
2056 1097
2057 1313
2058 2381
2059 619
2060 2289
2061 857
2062 267
2063 204
2064 5774
2065 2711
2066 272
2067 1995
2068 2624
2069 156
2070 6841
2071 732
2072 4565
2073 478
2074 1250
2075 1202
2076 1833
2077 707
2078 299
2079 7586
2080 12680
2081 220
2082 897
2083 161
2084 734
2085 1671
2086 1196
2087 188
2088 6390
2089 189
2090 5270
2091 1848
2092 641
2093 2755
2094 779
2095 548
2096 2164
2097 937
2098 292
2099 186
2100 12752
2101 802
2102 274
2103 447
2104 1208
2105 588
2106 4058
2107 1356
2108 2853
2109 2117
2110 1261
2111 257
2112 13670
2113 258
2114 1316
2115 3652
2116 1416
2117 650
2118 851
2119 742
2120 4352
2121 2009
2122 269
2123 721
2124 3774
2125 1977
2126 283
2127 551
2128 8879
2129 196
2130 3381
2131 153
2132 2778
2133 1407
2134 1199
2135 2633
2136 3134
2137 189
2138 242
2139 1814
2140 2253
2141 132
2142 7496
2143 151
2144 3336
2145 7758
2146 1217
2147 645
2148 1694
2149 592
2150 2206
2151 880
2152 1105
2153 136
2154 791
2155 600
2156 5429
2157 527
2158 1563
2159 1048
2160 16872
2161 305
2162 1501
2163 1913
2164 748
2165 567
2166 1619
2167 603
2168 1177
2169 856
2170 4731
2171 675
2172 1762
2173 617
2174 276
2175 3896
2176 6487
2177 709
2178 3729
2179 175
2180 2582
2181 470
2182 331
2183 939
2184 13001
2185 3555
2186 339
2187 1012
2188 711
2189 645
2190 3292
2191 696
2192 2204
2193 1977
2194 269
2195 591
2196 3694
2197 553
2198 1218
2199 585
2200 8768
2201 781
2202 884
2203 174
2204 2943
2205 7345
2206 338
2207 236
2208 9854
2209 458
2210 5549
2211 2041
2212 2787
2213 146
2214 2753
2215 564
2216 1145
2217 412
2218 268
2219 652
2220 6744
2221 189
2222 1221
2223 4130
2224 2170
2225 1189
2226 3508
2227 581
2228 651
2229 406
2230 1100
2231 863
2232 6635
2233 3385
2234 306
2235 1868
2236 3090
2237 175
2238 1014
2239 269
2240 18166
2241 2109
2242 1469
2243 194
2244 8401
2245 652
2246 288
2247 1916
2248 1213
2249 645
2250 4909
2251 145
2252 625
2253 408
2254 2580
2255 2979
2256 5958
2257 765
2258 291
2259 856
2260 2412
2261 2963
2262 3761
2263 658
2264 1116
2265 1654
2266 1196
2267 178
2268 7785
2269 190
2270 1120
2271 472
2272 3526
2273 165
2274 810
2275 5464
2276 720
2277 4343
2278 1409
2279 961
2280 12191
2281 272
2282 1348
2283 463
2284 792
2285 632
2286 1872
2287 201
2288 9435
2289 2214
2290 1164
2291 693
2292 1892
2293 170
2294 1198
2295 6382
2296 4764
2297 205
2298 858
2299 1522
2300 5128
2301 2174
2302 325
2303 1687
2304 11056
2305 769
2306 280
2307 406
2308 727
2309 129
2310 14008
2311 157
2312 2292
2313 894
2314 1233
2315 558
2316 1810
2317 620
2318 1249
2319 513
2320 8152
2321 751
2322 2947
2323 662
2324 2614
2325 3619
2326 282
2327 761
2328 3188
2329 714
2330 1086
2331 3893
2332 2732
2333 151
2334 788
2335 585
2336 3590
2337 2093
2338 1266
2339 196
2340 14176
2341 205
2342 293
2343 2001
2344 1198
2345 2496
2346 3726
2347 173
2348 699
2349 2228
2350 2588
2351 254
2352 11711
2353 977
2354 1436
2355 1810
2356 3019
2357 163
2358 1810
2359 711
2360 4384
2361 463
2362 269
2363 638
2364 1838
2365 2704
2366 2448
2367 1000
2368 5077
2369 706
2370 3371
2371 161
2372 720
2373 1867
2374 329
2375 2469
2376 10947
2377 270
2378 1435
2379 2293
2380 10583
2381 172
2382 894
2383 152
2384 2300
2385 3716
2386 243
2387 2848
2388 1831
2389 150
2390 1103
2391 518
2392 4999
2393 162
2394 8048
2395 609
2396 797
2397 2125
2398 1593
2399 304
2400 17430
2401 1099
2402 388
2403 1589
2404 843
2405 2787
2406 827
2407 731
2408 4839
2409 2156
2410 1070
2411 163
2412 3739
2413 670
2414 1244
2415 7740
2416 2228
2417 171
2418 3804
2419 652
2420 4807
2421 901
2422 1196
2423 179
2424 3228
2425 1305
2426 260
2427 415
2428 662
2429 620
2430 4762
2431 3408
2432 6833
2433 504
2434 313
2435 656
2436 7859
2437 180
2438 1370
2439 1043
2440 4623
2441 169
2442 4113
2443 655
2444 2967
2445 1885
2446 365
2447 252
2448 12988
2449 975
2450 5139
2451 2061
2452 741
2453 672
2454 811
2455 565
2456 1248
2457 6800
2458 279
2459 187
2460 7269
2461 835
2462 339
2463 642
2464 14917
2465 3344
2466 1954
2467 150
2468 708
2469 421
2470 5381
2471 744
2472 3292
2473 191
2474 262
2475 7855
2476 680
2477 152
2478 3928
2479 811
2480 8470
2481 544
2482 1382
2483 782
2484 6282
2485 2646
2486 1312
2487 457
2488 1224
2489 659
2490 3356
2491 680
2492 2869
2493 1059
2494 1495
2495 905
2496 14607
2497 936
2498 332
2499 4146
2500 2885
2501 659
2502 1772
2503 151
2504 1232
2505 1761
2506 1248
2507 741
2508 8305
2509 813
2510 1190
2511 2500
2512 2358
2513 770
2514 880
2515 664
2516 3225
2517 560
2518 431
2519 1240
2520 24451
2521 377
2522 1679
2523 1057
2524 894
2525 1346
2526 868
2527 1553
2528 3649
2529 1009
2530 5348
2531 158
2532 1831
2533 592
2534 1128
2535 3482
2536 1113
2537 604
2538 2785
2539 161
2540 2447
2541 3967
2542 1318
2543 206
2544 6312
2545 751
2546 1310
2547 979
2548 5801
2549 163
2550 7504
2551 200
2552 5274
2553 2287
2554 294
2555 2609
2556 3947
2557 159
2558 287
2559 547
2560 9015
2561 743
2562 3849
2563 655
2564 720
2565 6019
2566 267
2567 739
2568 3206
2569 783
2570 1138
2571 397
2572 677
2573 677
2574 8743
2575 1474
2576 9437
2577 578
2578 316
2579 184
2580 7385
2581 731
2582 303
2583 4479
2584 5388
2585 2903
2586 848
2587 689
2588 762
2589 445
2590 5433
2591 245
2592 11032
2593 233
2594 339
2595 1872
2596 3179
2597 1397
2598 920
2599 865
2600 9594
2601 2352
2602 315
2603 754
2604 8005
2605 653
2606 274
2607 2092
2608 2284
2609 151
2610 7079
2611 615
2612 642
2613 1949
2614 287
2615 629
2616 3201
2617 176
2618 5995
2619 1449
2620 2459
2621 159
2622 4154
2623 735
2624 5171
2625 6120
2626 1332
2627 728
2628 3894
2629 836
2630 1192
2631 554
2632 5058
2633 180
2634 917
2635 3014
2636 853
2637 1064
2638 427
2639 4523
2640 23893
2641 1271
2642 421
2643 541
2644 837
2645 1351
2646 5921
2647 163
2648 1333
2649 488
2650 2514
2651 828
2652 8560
2653 715
2654 298
2655 4050
2656 3909
2657 164
2658 935
2659 172
2660 11115
2661 529
2662 1080
2663 215
2664 7344
2665 3182
2666 1274
2667 1962
2668 2988
2669 687
2670 3390
2671 167
2672 2262
2673 2898
2674 1212
2675 1225
2676 1870
2677 151
2678 1212
2679 2326
2680 4607
2681 734
2682 1885
2683 163
2684 3177
2685 1967
2686 1594
2687 295
2688 18509
2689 299
2690 1355
2691 4557
2692 831
2693 187
2694 783
2695 5657
2696 1285
2697 2059
2698 1357
2699 226
2700 11144
2701 821
2702 1276
2703 2330
2704 4755
2705 621
2706 3917
2707 166
2708 679
2709 3991
2710 1108
2711 172
2712 3360
2713 191
2714 1343
2715 1807
2716 2947
2717 3426
2718 2029
2719 237
2720 14112
2721 640
2722 328
2723 677
2724 2050
2725 1306
2726 1363
2727 1715
2728 5368
2729 173
2730 15471
2731 162
2732 770
2733 475
2734 367
2735 857
2736 13441
2737 4101
2738 678
2739 2180
2740 2776
2741 166
2742 881
2743 721
2744 3682
2745 3974
2746 289
2747 648
2748 1920
2749 164
2750 4035
2751 2088
2752 5386
2753 201
2754 4503
2755 3195
2756 3109
2757 502
2758 1420
2759 999
2760 13155
2761 1014
2762 351
2763 1004
2764 768
2765 2598
2766 842
2767 165
2768 2381
2769 2173
2770 1256
2771 809
2772 16334
2773 851
2774 1318
2775 3961
2776 1305
2777 156
2778 832
2779 689
2780 2662
2781 1628
2782 1487
2783 1923
2784 10683
2785 796
2786 1329
2787 484
2788 3175
2789 143
2790 7430
2791 176
2792 1304
2793 4207
2794 1355
2795 2923
2796 2037
2797 183
2798 338
2799 1436
2800 17184
2801 246
2802 1058
2803 173
2804 901
2805 9033
2806 1565
2807 930
2808 11757
2809 490
2810 1319
2811 498
2812 3313
2813 742
2814 4120
2815 703
2816 9290
2817 1138
2818 308
2819 189
2820 7505
2821 3394
2822 1378
2823 426
2824 1262
2825 1267
2826 1769
2827 632
2828 2773
2829 2016
2830 1174
2831 818
2832 6398
2833 217
2834 1314
2835 8330
2836 721
2837 187
2838 4017
2839 771
2840 4503
2841 509
2842 2695
2843 167
2844 4007
2845 580
2846 284
2847 2249
2848 3796
2849 3230
2850 7674
2851 187
2852 3153
2853 1110
2854 371
2855 937
2856 15043
2857 267
2858 384
2859 566
2860 11947
2861 183
2862 3212
2863 737
2864 2438
2865 1891
2866 276
2867 690
2868 1937
2869 689
2870 5217
2871 4561
2872 1232
2873 1552
2874 892
2875 2197
2876 773
2877 2144
2878 426
2879 372
2880 26757
2881 1235
2882 1717
2883 1127
2884 3301
2885 716
2886 4243
2887 174
2888 2580
2889 1624
2890 2464
2891 1351
2892 1928
2893 702
2894 273
2895 1768
2896 2337
2897 160
2898 8409
2899 748
2900 5486
2901 467
2902 325
2903 218
2904 7071
2905 3101
2906 311
2907 4519
2908 804
2909 173
2910 3846
2911 934
2912 15879
2913 650
2914 1488
2915 3058
2916 3749
2917 174
2918 287
2919 2227
2920 4796
2921 771
2922 864
2923 768
2924 3104
2925 8502
2926 6211
2927 221
2928 6530
2929 798
2930 1203
2931 443
2932 696
2933 614
2934 1741
2935 591
2936 1252
2937 2020
2938 1404
2939 216
2940 14266
2941 861
2942 340
2943 1824
2944 7690
2945 3218
2946 907
2947 705
2948 3104
2949 475
2950 2623
2951 859
2952 7328
2953 213
2954 1298
2955 1788
2956 793
2957 160
2958 4396
2959 809
2960 9327
2961 4962
2962 337
2963 195
2964 9013
2965 682
2966 309
2967 2351
2968 5345
2969 180
2970 12476
2971 167
2972 767
2973 463
2974 339
2975 6820
2976 10774
2977 930
2978 314
2979 981
2980 2685
2981 680
2982 3722
2983 706
2984 1274
2985 1727
2986 289
2987 710
2988 4074
2989 1498
2990 5897
2991 597
2992 10421
2993 847
2994 947
2995 640
2996 2985
2997 2477
2998 341
2999 237
3000 9950
3001 252
3002 1442
3003 9521
3004 786
3005 576
3006 1911
3007 810
3008 5512
3009 2344
3010 5369
3011 172
3012 2003
3013 707
3014 1433
3015 4288
3016 5639
3017 795
3018 925
3019 178
3020 2848
3021 2483
3022 405
3023 331
3024 20968
3025 3763
3026 1627
3027 529
3028 848
3029 702
3030 3574
3031 772
3032 1408
3033 1019
3034 1405
3035 703
3036 8935
3037 205
3038 3009
3039 679
3040 15005
3041 235
3042 4271
3043 745
3044 768
3045 8268
3046 314
3047 783
3048 3544
3049 201
3050 2518
3051 1580
3052 2960
3053 679
3054 862
3055 2938
3056 2454
3057 496
3058 1390
3059 3604
3060 15745
3061 222
3062 321
3063 472
3064 1299
3065 633
3066 3880
3067 171
3068 3117
3069 4787
3070 1300
3071 930
3072 8713
3073 926
3074 1472
3075 4108
3076 912
3077 773
3078 5110
3079 290
3080 19857
3081 3011
3082 1577
3083 180
3084 2167
3085 628
3086 287
3087 3346
3088 2399
3089 178
3090 3475
3091 710
3092 699
3093 452
3094 6572
3095 778
3096 7280
3097 849
3098 345
3099 467
3100 5604
3101 673
3102 4351
3103 730
3104 3963
3105 7171
3106 315
3107 892
3108 8453
3109 196
3110 1221
3111 2238
3112 1374
3113 737
3114 1946
3115 2952
3116 3518
3117 590
3118 452
3119 375
3120 26349
3121 385
3122 1705
3123 1163
3124 3694
3125 1059
3126 993
3127 802
3128 6119
3129 2351
3130 1316
3131 755
3132 7081
3133 967
3134 318
3135 10057
3136 10980
3137 217
3138 929
3139 754
3140 2797
3141 977
3142 266
3143 739
3144 3480
3145 3051
3146 2955
3147 413
3148 661
3149 649
3150 14860
3151 730
3152 2332
3153 434
3154 1363
3155 582
3156 1921
3157 3249
3158 286
3159 3412
3160 4768
3161 807
3162 4396
3163 182
3164 3124
3165 2037
3166 412
3167 313
3168 22675
3169 326
3170 1499
3171 2179
3172 3495
3173 792
3174 1879
3175 1333
3176 1350
3177 994
3178 1339
3179 1631
3180 7640
3181 183
3182 1372
3183 505
3184 2489
3185 6107
3186 3166
3187 161
3188 766
3189 501
3190 6424
3191 274
3192 15222
3193 1023
3194 411
3195 4368
3196 3396
3197 821
3198 4721
3199 926
3200 13424
3201 2695
3202 331
3203 176
3204 4395
3205 607
3206 1207
3207 467
3208 1290
3209 158
3210 3559
3211 1579
3212 3187
3213 7285
3214 318
3215 759
3216 7119
3217 225
3218 318
3219 2481
3220 11637
3221 202
3222 2019
3223 758
3224 5758
3225 4244
3226 309
3227 651
3228 2003
3229 168
3230 5921
3231 1040
3232 3884
3233 703
3234 8426
3235 622
3236 804
3237 2223
3238 367
3239 1080
3240 14508
3241 1032
3242 391
3243 2262
3244 897
3245 2979
3246 961
3247 934
3248 10270
3249 2535
3250 4346
3251 175
3252 2084
3253 169
3254 314
3255 8987
3256 5741
3257 190
3258 1948
3259 180
3260 2934
3261 533
3262 1552
3263 1045
3264 16239
3265 921
3266 1645
3267 3543
3268 3456
3269 693
3270 3644
3271 180
3272 1443
3273 484
3274 325
3275 1557
3276 17823
3277 905
3278 1599
3279 617
3280 9840
3281 891
3282 989
3283 1517
3284 765
3285 3944
3286 1376
3287 800
3288 3608
3289 3978
3290 5363
3291 435
3292 701
3293 692
3294 3078
3295 641
3296 4050
3297 2232
3298 1544
3299 213
3300 15907
3301 224
3302 1515
3303 1137
3304 5695
3305 686
3306 4473
3307 174
3308 805
3309 509
3310 1402
3311 4131
3312 14412
3313 303
3314 357
3315 9116
3316 841
3317 696
3318 4076
3319 206
3320 4911
3321 2576
3322 1430
3323 190
3324 2115
3325 6280
3326 317
3327 556
3328 9652
3329 207
3330 8215
3331 167
3332 6372
3333 2285
3334 311
3335 3489
3336 3831
3337 858
3338 288
3339 4569
3340 2797
3341 766
3342 1049
3343 221
3344 11231
3345 2350
3346 1491
3347 189
3348 7026
3349 796
3350 2751
3351 565
3352 1476
3353 867
3354 4586
3355 3338
3356 941
3357 1239
3358 2041
3359 479
3360 39738
3361 488
3362 1018
3363 2746
3364 1892
3365 811
3366 9534
3367 3664
3368 1440
3369 519
3370 1248
3371 165
3372 2063
3373 155
3374 1325
3375 4999
3376 2534
3377 691
3378 912
3379 779
3380 5865
3381 4518
3382 1452
3383 918
3384 7726
3385 838
3386 323
3387 518
3388 6274
3389 173
3390 3765
3391 190
3392 5912
3393 5006
3394 311
3395 2852
3396 2153
3397 832
3398 304
3399 2531
3400 10301
3401 910
3402 6104
3403 762
3404 3393
3405 1950
3406 1536
3407 220
3408 7036
3409 895
3410 6204
3411 992
3412 784
3413 155
3414 902
3415 676
3416 5634
3417 2427
3418 341
3419 931
3420 16609
3421 924
3422 1615
3423 2297
3424 4316
3425 1443
3426 972
3427 737
3428 831
3429 1733
3430 4374
3431 1121
3432 16238
3433 297
3434 1654
3435 2057
3436 895
3437 689
3438 2068
3439 908
3440 9813
3441 2755
3442 329
3443 873
3444 8831
3445 3280
3446 302
3447 1008
3448 1362
3449 156
3450 7723
3451 3306
3452 775
3453 500
3454 1637
3455 901
3456 16113
3457 258
3458 6844
3459 512
3460 2971
3461 146
3462 870
3463 158
3464 1368
3465 17899
3466 301
3467 182
3468 4292
3469 209
3470 1357
3471 2663
3472 10596
3473 911
3474 2120
3475 1520
3476 3513
3477 2469
3478 1669
3479 2018
3480 14362
3481 578
3482 356
3483 2561
3484 3471
3485 3059
3486 4169
3487 792
3488 4174
3489 522
3490 1213
3491 176
3492 4341
3493 727
3494 310
3495 2098
3496 6009
3497 793
3498 4520
3499 186
3500 8873
3501 1092
3502 1491
3503 916
3504 7090
3505 759
3506 311
3507 1967
3508 745
3509 1670
3510 12915
3511 187
3512 1303
3513 480
3514 1331
3515 3127
3516 2107
3517 197
3518 358
3519 6384
3520 22083
3521 997
3522 1115
3523 841
3524 969
3525 4442
3526 1634
3527 285
3528 15064
3529 278
3530 1434
3531 2453
3532 912
3533 179
3534 4705
3535 3246
3536 11297
3537 2000
3538 1551
3539 186
3540 8109
3541 180
3542 6638
3543 467
3544 1375
3545 644
3546 1880
3547 161
3548 729
3549 4414
3550 2832
3551 987
3552 11406
3553 4153
3554 342
3555 4160
3556 3184
3557 178
3558 925
3559 204
3560 5104
3561 535
3562 1389
3563 749
3564 9894
3565 3235
3566 318
3567 2254
3568 2491
3569 731
3570 16447
3571 196
3572 3187
3573 1011
3574 289
3575 7047
3576 3684
3577 1636
3578 298
3579 452
3580 2794
3581 165
3582 2062
3583 213
3584 11345
3585 2301
3586 1517
3587 834
3588 9710
3589 904
3590 1332
3591 7847
3592 1468
3593 178
3594 925
3595 705
3596 3623
3597 2537
3598 1724
3599 1270
3600 26628
3601 1294
3602 464
3603 613
3604 3767
3605 3118
3606 971
3607 185
3608 6253
3609 1204
3610 2799
3611 854
3612 9013
3613 198
3614 1443
3615 2050
3616 4156
3617 176
3618 3213
3619 3234
3620 2874
3621 2106
3622 300
3623 215
3624 3557
3625 2365
3626 2687
3627 4949
3628 724
3629 735
3630 7704
3631 178
3632 2433
3633 2241
3634 1575
3635 687
3636 4575
3637 213
3638 1667
3639 800
3640 21588
3641 1037
3642 1142
3643 195
3644 949
3645 3856
3646 400
3647 1093
3648 16964
3649 1054
3650 3005
3651 531
3652 3405
3653 785
3654 9054
3655 3194
3656 1401
3657 2367
3658 1454
3659 196
3660 8016
3661 781
3662 300
3663 4907
3664 2578
3665 712
3666 4589
3667 829
3668 3179
3669 542
3670 1359
3671 246
3672 12903
3673 254
3674 1649
3675 8649
3676 936
3677 194
3678 1089
3679 966
3680 16091
3681 1359
3682 1542
3683 797
3684 2283
3685 3305
3686 1403
3687 540
3688 1442
3689 3979
3690 8495
3691 188
3692 3640
3693 615
3694 488
3695 1184
3696 30430
3697 398
3698 887
3699 2010
3700 6669
3701 186
3702 1002
3703 1684
3704 1511
3705 9600
3706 1460
3707 867
3708 4526
3709 196
3710 5940
3711 603
3712 8112
3713 882
3714 1005
3715 683
3716 874
3717 4852
3718 3594
3719 285
3720 14737
3721 564
3722 390
3723 2498
3724 6814
3725 1471
3726 4856
3727 205
3728 2617
3729 2318
3730 1241
3731 3480
3732 2136
3733 203
3734 272
3735 4223
3736 1363
3737 734
3738 4356
3739 217
3740 13479
3741 2724
3742 448
3743 1177
3744 24956
3745 4009
3746 414
3747 555
3748 960
3749 801
3750 4119
3751 1722
3752 5843
3753 1884
3754 316
3755 678
3756 2200
3757 1718
3758 290
3759 2461
3760 9747
3761 229
3762 9957
3763 754
3764 783
3765 1885
3766 1372
3767 173
3768 3692
3769 187
3770 6190
3771 1044
3772 3350
3773 2483
3774 4666
3775 1526
3776 6409
3777 587
3778 404
3779 261
3780 26151
3781 1081
3782 1631
3783 2629
3784 6492
3785 753
3786 946
3787 737
3788 829
3789 1019
3790 1322
3791 970
3792 7385
3793 228
3794 1489
3795 9468
3796 3611
3797 181
3798 2149
3799 909
3800 10807
3801 2565
3802 342
3803 188
3804 2346
3805 747
3806 1578
3807 3158
3808 17754
3809 955
3810 4149
3811 812
3812 886
3813 2274
3814 345
3815 3351
3816 7901
3817 967
3818 1554
3819 2381
3820 2871
3821 161
3822 8821
3823 188
3824 2593
3825 9507
3826 335
3827 830
3828 9248
3829 788
3830 1240
3831 512
3832 1355
3833 179
3834 3275
3835 3206
3836 3329
3837 589
3838 1800
3839 1246
3840 24295
3841 1269
3842 1811
3843 4923
3844 1818
3845 708
3846 996
3847 191
3848 6075
3849 558
3850 12326
3851 184
3852 4465
3853 164
3854 1513
3855 1988
3856 2561
3857 3596
3858 929
3859 771
3860 2990
3861 8384
3862 368
3863 291
3864 16030
3865 955
3866 365
3867 527
3868 908
3869 764
3870 8426
3871 1846
3872 8665
3873 627
3874 1550
3875 2427
3876 10005
3877 218
3878 1413
3879 1147
3880 5235
3881 184
3882 929
3883 716
3884 818
3885 8704
3886 1539
3887 1995
3888 10133
3889 255
3890 1313
3891 504
3892 3213
3893 742
3894 4322
3895 3242
3896 1441
3897 1008
3898 323
3899 838
3900 16857
3901 930
3902 342
3903 523
3904 6204
3905 3185
3906 9157
3907 169
3908 802
3909 457
3910 6275
3911 197
3912 3807
3913 3835
3914 1444
3915 7177
3916 3386
3917 203
3918 1109
3919 279
3920 19086
3921 759
3922 1655
3923 195
3924 4564
3925 1459
3926 1419
3927 10497
3928 1395
3929 168
3930 3711
3931 178
3932 753
3933 5137
3934 1502
3935 907
3936 11905
3937 1015
3938 1695
3939 2459
3940 3139
3941 782
3942 3495
3943 213
3944 6314
3945 2241
3946 355
3947 209
3948 9553
3949 1029
3950 3124
3951 1435
3952 12524
3953 938
3954 1144
3955 3324
3956 3957
3957 664
3958 490
3959 1344
3960 31091
3961 1330
3962 1754
3963 616
3964 1048
3965 3379
3966 1018
3967 255
3968 8340
3969 5611
3970 1324
3971 1841
3972 2234
3973 785
3974 292
3975 4476
3976 5558
3977 886
3978 10009
3979 785
3980 2883
3981 487
3982 1564
3983 868
3984 7100
3985 804
3986 329
3987 1037
3988 729
3989 151
3990 16800
3991 760
3992 1367
3993 1649
3994 317
3995 3203
3996 7328
3997 830
3998 341
3999 2785
4000 12310
4001 228
4002 4971
4003 212
4004 14587
4005 4717
4006 344
4007 195
4008 4025
4009 875
4010 1287
4011 2150
4012 3383
4013 194
4014 2001
4015 3072
4016 2622
4017 2328
4018 3066
4019 188
4020 8095
4021 189
4022 316
4023 1795
4024 1399
4025 6810
4026 4530
4027 228
4028 3649
4029 2667
4030 7351
4031 1323
4032 33585
4033 1356
4034 487
4035 2276
4036 1041
4037 811
4038 1035
4039 883
4040 5432
4041 1251
4042 1497
4043 747
4044 2293
4045 675
4046 3276
4047 2684
4048 11922
4049 216
4050 9270
4051 182
4052 865
4053 2255
4054 350
4055 839
4056 8254
4057 243
4058 343
4059 5474
4060 12680
4061 814
4062 1018
4063 923
4064 4387
4065 2109
4066 1513
4067 1534
4068 4663
4069 802
4070 6194
4071 2389
4072 1389
4073 171
4074 4268
4075 1574
4076 856
4077 1925
4078 482
4079 404
4080 28288
4081 4897
4082 1818
4083 640
4084 1008
4085 3677
4086 2193
4087 861
4088 6026
4089 2681
4090 1410
4091 216
4092 9860
4093 220
4094 1564
4095 19760
4096 4855
4097 982
4098 1035
4099 202
4100 6471
4101 581
4102 1559
4103 1040
4104 13436
4105 899
4106 377
4107 1109
4108 3509
4109 726
4110 3821
4111 185
4112 2656
4113 1092
4114 3189
4115 695
4116 6703
4117 839
4118 1559
4119 571
4120 5255
4121 812
4122 2013
4123 3643
4124 798
4125 6890
4126 367
4127 265
4128 11983
4129 266
4130 6173
4131 3402
4132 892
4133 198
4134 4783
4135 756
4136 6327
4137 2425
4138 377
4139 244
4140 18200
4141 915
4142 1711
4143 650
4144 11554
4145 834
4146 1036
4147 3943
4148 3641
4149 1043
4150 2886
4151 861
4152 3962
4153 198
4154 1468
4155 2058
4156 888
4157 184
4158 16494
4159 291
4160 23449
4161 3123
4162 398
4163 901
4164 2308
4165 6394
4166 304
4167 1055
4168 1429
4169 813
4170 3928
4171 807
4172 3294
4173 2616
4174 388
4175 2003
4176 16211
4177 299
4178 390
4179 2476
4180 13745
4181 870
4182 4763
4183 830
4184 1426
4185 7372
4186 6909
4187 784
4188 2183
4189 799
4190 1308
4191 2513
4192 4298
4193 827
4194 2131
4195 731
4196 928
4197 614
4198 461
4199 5492
4200 29150
4201 419
4202 1934
4203 1208
4204 958
4205 1597
4206 1020
4207 862
4208 2824
4209 2455
4210 1352
4211 206
4212 10727
4213 934
4214 3115
4215 2250
4216 6441
4217 203
4218 4993
4219 189
4220 3233
4221 5163
4222 442
4223 1177
4224 23417
4225 4099
4226 400
4227 577
4228 3617
4229 198
4230 8520
4231 200
4232 2911
4233 2330
4234 1537
4235 6468
4236 2290
4237 903
4238 1516
4239 2048
4240 10096
4241 224
4242 4516
4243 184
4244 835
4245 1984
4246 1618
4247 965
4248 8238
4249 981
4250 4832
4251 2412
4252 877
4253 203
4254 1099
4255 3723
4256 18607
4257 6033
4258 387
4259 228
4260 8857
4261 225
4262 339
4263 5203
4264 6378
4265 732
4266 3479
4267 790
4268 3505
4269 534
4270 6151
4271 240
4272 7562
4273 211
4274 334
4275 9552
4276 851
4277 3442
4278 4565
4279 857
4280 5443
4281 583
4282 359
4283 231
4284 19762
4285 793
4286 349
4287 570
4288 6555
4289 191
4290 18859
4291 780
4292 3619
4293 2733
4294 1553
4295 725
4296 3950
4297 178
4298 1398
4299 509
4300 6148
4301 3702
4302 2091
4303 829
4304 2641
4305 9320
4306 317
4307 793
4308 2207
4309 874
4310 1430
4311 1360
4312 12364
4313 943
4314 1115
4315 844
4316 4044
4317 660
4318 2000
4319 1386
4320 35776
4321 1390
4322 489
4323 2704
4324 3858
4325 1647
4326 4450
4327 189
4328 1561
4329 5302
4330 1306
4331 795
4332 4500
4333 785
4334 1512
4335 4390
4336 2806
4337 191
4338 2115
4339 197
4340 12873
4341 579
4342 1667
4343 843
4344 4101
4345 3425
4346 1471
4347 7918
4348 831
4349 196
4350 8771
4351 949
4352 10831
4353 618
4354 1580
4355 3734
4356 9795
4357 206
4358 350
4359 634
4360 5733
4361 1861
4362 1032
4363 199
4364 961
4365 4780
4366 1935
4367 1333
4368 31652
4369 1388
4370 7505
4371 2647
4372 972
4373 202
4374 2248
4375 3429
4376 1500
4377 566
4378 1544
4379 842
4380 8545
4381 956
4382 1457
4383 1124
4384 4510
4385 679
4386 4677
4387 749
4388 819
4389 10869
4390 1365
4391 252
4392 8328
4393 1071
4394 1198
4395 2199
4396 3545
4397 196
4398 1212
4399 1033
4400 21423
4401 2381
4402 1688
4403 3972
4404 2457
4405 728
4406 340
4407 2696
4408 6421
4409 214
4410 17493
4411 857
4412 928
4413 533
4414 425
4415 999
4416 18456
4417 1123
4418 845
4419 1268
4420 14897
4421 206
4422 5078
4423 215
4424 6342
4425 4803
4426 358
4427 849
4428 7767
4429 870
4430 1363
4431 2333
4432 2745
4433 3933
4434 954
4435 697
4436 845
4437 5335
4438 1587
4439 1129
4440 15447
4441 298
4442 401
4443 552
4444 3659
4445 3044
4446 10208
4447 196
4448 4416
4449 588
4450 2898
4451 198
4452 9337
4453 850
4454 1523
4455 10489
4456 1446
4457 223
4458 951
4459 2682
4460 3075
4461 515
4462 1756
4463 292
4464 16010
4465 4092
4466 7588
4467 535
4468 906
4469 807
4470 4212
4471 965
4472 6602
4473 5455
4474 363
4475 1625
4476 2547
4477 2070
4478 421
4479 921
4480 30791
4481 337
4482 4254
4483 215
4484 4129
4485 10949
4486 436
4487 1113
4488 18534
4489 590
4490 1514
4491 1123
4492 892
4493 178
4494 4448
4495 3456
4496 2850
4497 558
4498 1583
4499 943
4500 13358
4501 832
4502 333
4503 2458
4504 1472
4505 3386
4506 939
4507 192
4508 7079
4509 1918
4510 6885
4511 1024
4512 12560
4513 262
4514 1589
4515 9202
4516 898
4517 165
4518 2077
4519 187
4520 5462
4521 2560
4522 7468
4523 225
4524 10194
4525 1531
4526 1531
4527 1100
4528 2777
4529 823
4530 4018
4531 780
4532 3526
4533 561
4534 412
4535 1000
4536 18143
4537 1153
4538 401
4539 2436
4540 3156
4541 946
4542 1004
4543 3635
4544 6399
4545 4622
4546 322
4547 178
4548 2259
4549 168
4550 12934
4551 2524
4552 1464
4553 760
4554 10357
4555 813
4556 3735
4557 5241
4558 2014
4559 1448
4560 29703
4561 421
4562 497
4563 4344
4564 3739
4565 3503
4566 1027
4567 190
4568 1592
4569 573
4570 1376
4571 757
4572 4804
4573 865
4574 369
4575 5395
4576 20002
4577 1050
4578 4801
4579 1022
4580 3236
4581 1126
4582 1602
4583 211
4584 4082
4585 3290
4586 340
4587 2457
4588 3618
4589 848
4590 14944
4591 242
4592 11643
4593 642
4594 407
4595 736
4596 2354
4597 182
4598 3577
4599 5573
4600 11598
4601 931
4602 5090
4603 189
4604 956
4605 2161
4606 3432
4607 1047
4608 17305
4609 1108
4610 1524
4611 2646
4612 957
4613 808
4614 962
4615 3401
4616 1657
4617 3757
4618 406
4619 1097
4620 36529
4621 341
4622 421
4623 2822
4624 6256
4625 2610
4626 2206
4627 839
4628 3807
4629 551
4630 1344
4631 943
4632 4244
4633 850
4634 1445
4635 4612
4636 3759
4637 203
4638 1103
4639 274
4640 17538
4641 12764
4642 1732
4643 224
4644 8096
4645 829
4646 1615
4647 604
4648 6154
4649 190
4650 8796
4651 179
4652 831
4653 5167
4654 1681
4655 7457
4656 7558
4657 243
4658 1643
4659 503
4660 3148
4661 832
4662 9760
4663 210
4664 6386
4665 2226
4666 339
4667 911
4668 2292
4669 3736
4670 1371
4671 2030
4672 6424
4673 230
4674 4987
4675 7657
4676 3649
4677 638
4678 490
4679 419
4680 32678
4681 1376
4682 496
4683 2523
4684 1006
4685 746
4686 4816
4687 850
4688 2839
4689 1194
4690 6255
4691 210
4692 10415
4693 2001
4694 366
4695 2144
4696 1532
4697 3722
4698 5330
4699 877
4700 6831
4701 640
4702 472
4703 336
4704 24938
4705 1110
4706 1925
4707 1264
4708 3867
4709 852
4710 4293
4711 933
4712 6791
4713 606
4714 363
4715 3376
4716 4983
4717 854
4718 1490
4719 5718
4720 10718
4721 232
4722 1015
4723 185
4724 839
4725 14770
4726 1545
4727 895
4728 4044
4729 243
4730 6635
4731 2476
4732 7167
4733 200
4734 2276
4735 817
4736 8851
4737 571
4738 1594
4739 842
4740 8852
4741 962
4742 334
4743 5613
4744 1534
4745 3254
4746 4497
4747 809
4748 913
4749 578
4750 5548
4751 350
4752 26430
4753 2482
4754 492
4755 2482
4756 4250
4757 935
4758 5553
4759 322
4760 24148
4761 3305
4762 409
4763 968
4764 2484
4765 724
4766 312
4767 2425
4768 4572
4769 842
4770 8722
4771 803
4772 793
4773 2435
4774 7131
4775 1663
4776 4001
4777 929
4778 315
4779 2812
4780 3152
4781 780
4782 1088
4783 245
4784 12883
4785 11382
4786 397
4787 251
4788 20773
4789 240
4790 1468
4791 630
4792 1684
4793 181
4794 4994
4795 3358
4796 4005
4797 5900
4798 497
4799 383
4800 32270
4801 395
4802 1892
4803 612
4804 1004
4805 1521
4806 3477
4807 3926
4808 1559
4809 2317
4810 6415
4811 788
4812 2327
4813 203
4814 1690
4815 5049
4816 11606
4817 230
4818 4935
4819 920
4820 3155
4821 519
4822 366
4823 4007
4824 8492
4825 1765
4826 1537
4827 513
4828 3633
4829 805
4830 18603
4831 203
4832 4588
4833 1916
4834 389
4835 762
4836 10461
4837 886
4838 1705
4839 665
4840 11401
4841 937
4842 2245
4843 879
4844 3473
4845 10451
4846 366
4847 979
4848 7765
4849 1041
4850 2931
4851 10252
4852 822
4853 802
4854 948
4855 676
4856 1439
4857 517
4858 1509
4859 872
4860 12543
4861 232
4862 8138
4863 660
4864 11448
4865 3554
4866 1059
4867 852
4868 1002
4869 1176
4870 1551
4871 308
4872 17846
4873 1186
4874 413
4875 7749
4876 3973
4877 251
4878 2453
4879 4738
4880 11206
4881 689
4882 369
4883 949
4884 10736
4885 794
4886 1529
4887 2046
4888 6756
4889 219
4890 4253
4891 859
4892 1001
4893 2515
4894 440
4895 4472
4896 27402
4897 1228
4898 1858
4899 2789
4900 13307
4901 1909
4902 5091
4903 222
4904 1572
4905 4480
4906 1528
4907 711
4908 2305
4909 184
4910 1292
4911 542
4912 2719
4913 662
4914 16136
4915 702
4916 859
4917 2641
4918 423
4919 315
4920 15968
4921 4866
4922 1885
4923 1196
4924 1040
4925 1708
4926 1212
4927 1104
4928 27561
4929 3414
4930 7395
4931 217
4932 5149
4933 197
4934 324
4935 9846
4936 1569
4937 199
4938 1006
4939 891
4940 14468
4941 2876
4942 1648
4943 260
4944 8078
4945 3809
4946 348
4947 2390
4948 845
4949 1558
4950 18746
4951 195
4952 1488
4953 2526
4954 366
4955 759
4956 10143
4957 251
4958 1722
4959 6684
4960 18010
4961 2133
4962 1189
4963 864
4964 4068
4965 2373
4966 1782
4967 256
4968 14513
4969 276
4970 6565
4971 547
4972 3775
4973 173
4974 1028
4975 1528
4976 2892
4977 5170
4978 1644
4979 956
4980 8975
4981 896
4982 1651
4983 2643
4984 6372
4985 767
4986 2377
4987 210
4988 3999
4989 601
4990 1655
4991 5303
4992 24906
4993 367
4994 1857
4995 7936
4996 1036
4997 858
4998 9916
4999 216
5000 6046
5001 597
5002 1601
5003 200
5004 4994
5005 15879
5006 329
5007 538
5008 2791
5009 187
5010 4172
5011 184
5012 3488
5013 1298
5014 1837
5015 4367
5016 18913
5017 1150
5018 1790
5019 2542
5020 3285
5021 187
5022 5587
5023 204
5024 4646
5025 4781
5026 1657
5027 928
5028 2510
5029 865
5030 1513
5031 6213
5032 7028
5033 1077
5034 1202
5035 4203
5036 1187
5037 3114
5038 2385
5039 581
5040 59394
5041 1002
5042 651
5043 1508
5044 4556
5045 936
5046 2378
5047 2154
5048 1770
5049 9519
5050 3079
5051 206
5052 2395
5053 858
5054 3308
5055 2369
5056 6822
5057 859
5058 2354
5059 222
5060 14445
5061 2523
5062 353
5063 924
5064 4360
5065 876
5066 1553
5067 1175
5068 3569
5069 790
5070 8638
5071 799
5072 2778
5073 2504
5074 1584
5075 7085
5076 7851
5077 222
5078 336
5079 608
5080 5767
5081 215
5082 9873
5083 4127
5084 3896
5085 4674
5086 413
5087 265
5088 13323
5089 1171
5090 1563
5091 557
5092 4068
5093 888
5094 2408
5095 874
5096 13802
5097 713
5098 423
5099 253
5100 19909
5101 250
5102 412
5103 5034
5104 13578
5105 854
5106 5319
5107 203
5108 982
5109 2579
5110 6450
5111 985
5112 8803
5113 256
5114 340
5115 10362
5116 924
5117 4008
5118 1098
5119 270
5120 13941
5121 1424
5122 1699
5123 948
5124 10086
5125 2493
5126 1595
5127 512
5128 1469
5129 898
5130 14462
5131 766
5132 821
5133 2454
5134 1673
5135 3777
5136 7834
5137 964
5138 1529
5139 1105
5140 3237
5141 802
5142 964
5143 843
5144 1550
5145 7188
5146 1731
5147 262
5148 22505
5149 1104
5150 3401
5151 3260
5152 20414
5153 280
5154 1176
5155 803
5156 1030
5157 1969
5158 415
5159 4779
5160 16638
5161 1234
5162 1777
5163 566
5164 1014
5165 756
5166 10541
5167 237
5168 13116
5169 664
5170 7013
5171 180
5172 2387
5173 799
5174 1526
5175 10578
5176 1617
5177 888
5178 1064
5179 222
5180 14062
5181 2919
5182 441
5183 1204
5184 20757
5185 4334
5186 387
5187 12466
5188 1033
5189 213
5190 4275
5191 946
5192 6847
5193 1253
5194 3315
5195 766
5196 2556
5197 195
5198 1860
5199 787
5200 23113
5201 1098
5202 5326
5203 1993
5204 1081
5205 2353
5206 1890
5207 1165
5208 18172
5209 310
5210 1544
5211 1921
5212 934
5213 848
5214 4986
5215 3377
5216 4881
5217 2800
5218 360
5219 945
5220 19000
5221 970
5222 1533
5223 553
5224 1565
5225 7381
5226 4787
5227 233
5228 868
5229 4977
5230 1446
5231 223
5232 8215
5233 244
5234 362
5235 2332
5236 16318
5237 214
5238 3790
5239 2040
5240 6046
5241 631
5242 368
5243 1795
5244 11135
5245 815
5246 1625
5247 5927
5248 9069
5249 949
5250 14270
5251 871
5252 3908
5253 2586
5254 1779
5255 928
5256 8946
5257 925
5258 1823
5259 552
5260 3225
5261 191
5262 1155
5263 988
5264 12133
5265 12154
5266 376
5267 915
5268 2445
5269 1065
5270 7162
5271 2440
5272 1637
5273 190
5274 2263
5275 1756
5276 988
5277 715
5278 9331
5279 501
5280 49553
5281 506
5282 2246
5283 1369
5284 1135
5285 3532
5286 1092
5287 910
5288 1681
5289 2640
5290 3127
5291 5051
5292 15841
5293 1004
5294 377
5295 2376
5296 3134
5297 192
5298 1097
5299 854
5300 7302
5301 6184
5302 1956
5303 333
5304 19742
5305 1062
5306 1720
5307 2603
5308 991
5309 191
5310 9364
5311 1003
5312 6925
5313 12456
5314 368
5315 763
5316 2688
5317 1048
5318 397
5319 2587
5320 24965
5321 1187
5322 1294
5323 226
5324 3126
5325 5110
5326 454
5327 1126
5328 17518
5329 577
5330 7476
5331 597
5332 4023
5333 195
5334 4812
5335 3514
5336 7016
5337 1236
5338 1680
5339 987
5340 9302
5341 1812
5342 352
5343 2585
5344 4723
5345 772
5346 6930
5347 176
5348 3442
5349 529
5350 3006
5351 203
5352 4139
5353 854
5354 318
5355 20790
5356 3722
5357 882
5358 5391
5359 1024
5360 11063
5361 637
5362 1635
5363 883
5364 5016
5365 3604
5366 342
5367 679
5368 6845
5369 4101
5370 4400
5371 877
5372 4038
5373 2107
5374 476
5375 3555
5376 29883
5377 1310
5378 435
5379 2699
5380 3478
5381 188
5382 10709
5383 856
5384 1515
5385 2104
5386 350
5387 164
5388 2378
5389 823
5390 13201
5391 1212
5392 2784
5393 191
5394 5052
5395 3502
5396 3987
5397 2504
5398 471
5399 347
5400 25758
5401 1322
5402 1882
5403 612
5404 3938
5405 3675
5406 5340
5407 235
5408 9965
5409 1287
5410 1493
5411 890
5412 10748
5413 229
5414 338
5415 4559
5416 1518
5417 173
5418 9779
5419 187
5420 3181
5421 2534
5422 348
5423 4669
5424 7997
5425 7860
5426 352
5427 2794
5428 3686
5429 824
5430 4280
5431 222
5432 6505
5433 609
5434 8226
5435 852
5436 5214
5437 223
5438 418
5439 6341
5440 26350
5441 280
5442 1239
5443 219
5444 997
5445 10071
5446 1586
5447 973
5448 4443
5449 255
5450 3133
5451 2635
5452 3888
5453 4255
5454 4072
5455 907
5456 14239
5457 3305
5458 476
5459 1173
5460 39681
5461 1184
5462 437
5463 1362
5464 1831
5465 815
5466 1044
5467 3871
5468 976
5469 637
5470 1695
5471 349
5472 28222
5473 1327
5474 8753
5475 4987
5476 2054
5477 196
5478 5133
5479 214
5480 6014
5481 9133
5482 349
5483 187
5484 2394
5485 760
5486 1614
5487 2886
5488 8869
5489 924
5490 9277
5491 1906
5492 874
5493 527
5494 1601
5495 3522
5496 4244
5497 1097
5498 337
5499 5737
5500 10946
5501 200
5502 4957
5503 236
5504 9461
5505 2494
5506 407
5507 226
5508 12227
5509 909
5510 7470
5511 2863
5512 7287
5513 912
5514 1114
5515 831
5516 3903
5517 1367
5518 2070
5519 399
5520 31716
5521 404
5522 2099
5523 2599
5524 1035
5525 7715
5526 2297
5527 204
5528 1547
5529 2564
5530 6369
5531 188
5532 2396
5533 929
5534 330
5535 8431
5536 4772
5537 1939
5538 5235
5539 1001
5540 3582
5541 661
5542 2048
5543 1536
5544 37649
5545 1303
5546 2101
5547 1356
5548 4300
5549 931
5550 9413
5551 4301
5552 3037
5553 1275
5554 336
5555 3630
5556 2420
5557 200
5558 1575
5559 2668
5560 5675
5561 867
5562 3834
5563 224
5564 3885
5565 10247
5566 4110
5567 1121
5568 19757
5569 339
5570 1678
5571 1326
5572 3980
5573 214
5574 1076
5575 1744
5576 7267
5577 5733
5578 398
5579 943
5580 19838
5581 255
5582 391
5583 580
5584 3119
5585 738
5586 10077
5587 843
5588 3826
5589 3747
5590 7020
5591 262
5592 4359
5593 4449
5594 361
5595 2253
5596 944
5597 998
5598 2771
5599 1231
5600 35585
5601 912
5602 444
5603 1051
5604 2674
5605 3651
5606 319
5607 5593
5608 1729
5609 959
5610 21056
5611 922
5612 4124
5613 653
5614 1912
5615 1135
5616 28439
5617 1261
5618 945
5619 622
5620 3684
5621 3987
5622 1123
5623 257
5624 7314
5625 5703
5626 1767
5627 946
5628 10667
5629 1063
5630 1546
5631 706
5632 14493
5633 976
5634 2369
5635 7149
5636 1044
5637 593
5638 399
5639 335
5640 16593
5641 312
5642 7961
5643 9450
5644 3897
5645 780
5646 1049
5647 182
5648 2867
5649 2444
5650 2981
5651 178
5652 4927
5653 198
5654 1614
5655 11131
5656 6270
5657 219
5658 5093
5659 199
5660 3260
5661 5602
5662 1777
5663 1041
5664 13316
5665 4061
5666 383
5667 561
5668 4007
5669 189
5670 20115
5671 848
5672 1608
5673 2518
5674 402
5675 1668
5676 11051
5677 915
5678 1812
5679 1398
5680 11479
5681 4603
5682 1158
5683 213
5684 7621
5685 2395
5686 388
5687 2160
5688 9239
5689 252
5690 1516
5691 2390
5692 938
5693 211
5694 5313
5695 4083
5696 7190
5697 2105
5698 8082
5699 1018
5700 20299
5701 255
5702 429
5703 705
5704 7472
5705 3763
5706 2499
5707 984
5708 1102
5709 2994
5710 1900
5711 415
5712 36108
5713 1405
5714 521
5715 5384
5716 1287
5717 257
5718 1336
5719 5181
5720 27563
5721 917
5722 425
5723 1058
5724 8827
5725 1774
5726 1608
5727 2698
5728 4916
5729 1019
5730 4279
5731 870
5732 861
5733 11526
5734 1666
5735 3876
5736 4385
5737 213
5738 1595
5739 594
5740 14052
5741 216
5742 11186
5743 190
5744 2915
5745 2255
5746 3636
5747 761
5748 2294
5749 192
5750 4995
5751 2935
5752 1494
5753 795
5754 4724
5755 816
5756 1012
5757 2941
5758 561
5759 1555
5760 45942
5761 1491
5762 2125
5763 3000
5764 4502
5765 874
5766 2345
5767 1013
5768 6993
5769 1402
5770 1542
5771 944
5772 11346
5773 982
5774 356
5775 21956
5776 6339
5777 903
5778 3769
5779 242
5780 7016
5781 2646
5782 3374
5783 225
5784 4331
5785 3709
5786 1701
5787 1166
5788 855
5789 764
5790 4157
5791 206
5792 4837
5793 593
5794 398
5795 4029
5796 22220
5797 4624
5798 1813
5799 726
5800 12974
5801 257
5802 1128
5803 883
5804 1029
5805 8163
5806 427
5807 308
5808 16939
5809 1195
5810 6999
5811 2733
5812 955
5813 172
5814 10903
5815 746
5816 1633
5817 2522
5818 376
5819 2031
5820 9810
5821 266
5822 1949
5823 1611
5824 29911
5825 1990
5826 1236
5827 228
5828 4102
5829 2748
5830 7212
5831 3385
5832 7988
5833 1068
5834 362
5835 2194
5836 954
5837 897
5838 4925
5839 247
5840 11240
5841 6067
5842 1757
5843 212
5844 2455
5845 3352
5846 1678
5847 593
5848 7092
5849 230
5850 20965
5851 233
5852 16760
5853 652
5854 448
5855 952
5856 13827
5857 283
5858 1755
5859 8753
5860 3379
5861 232
5862 1056
5863 4104
5864 1510
5865 10618
5866 1491
5867 222
5868 4994
5869 201
5870 1406
5871 2698
5872 2892
5873 923
5874 5057
5875 2777
5876 4229
5877 1352
5878 518
5879 401
5880 32543
5881 426
5882 2087
5883 3090
5884 1166
5885 3716
5886 4055
5887 2012
5888 12210
5889 3034
5890 7344
5891 891
5892 2606
5893 882
5894 1608
5895 5115
5896 6963
5897 238
5898 1118
5899 908
5900 7225
5901 2594
5902 1907
5903 304
5904 18107
5905 1052
5906 412
5907 2694
5908 3821
5909 898
5910 4314
5911 981
5912 1687
5913 2871
5914 372
5915 7667
5916 11586
5917 1083
5918 1860
5919 811
5920 19397
5921 1148
5922 11170
5923 229
5924 1116
5925 5042
5926 451
5927 340
5928 20600
5929 4644
5930 1716
5931 1282
5932 1069
5933 918
5934 5662
5935 896
5936 13465
5937 762
5938 462
5939 297
5940 32433
5941 1145
5942 422
5943 2554
5944 1782
5945 3721
5946 1039
5947 892
5948 911
5949 1178
5950 15123
5951 1222
5952 19899
5953 301
5954 1827
5955 2257
5956 990
5957 3973
5958 2271
5959 897
5960 6036
5961 639
5962 1703
5963 901
5964 10191
5965 806
5966 1644
5967 9835
5968 3025
5969 918
5970 4087
5971 819
5972 861
5973 2522
5974 1703
5975 1818
5976 9311
5977 1054
5978 3435
5979 678
5980 15744
5981 241
5982 1259
5983 1177
5984 22290
5985 24530
5986 1857
5987 233
5988 2646
5989 936
5990 1473
5991 615
5992 6617
5993 956
5994 5642
5995 3632
5996 982
5997 605
5998 458
5999 1217
6000 23995
6001 1388
6002 452
6003 6057
6004 4192
6005 777
6006 22856
6007 202
6008 1667
6009 556
6010 1374
6011 195
6012 5076
6013 832
6014 1621
6015 2432
6016 9560
6017 947
6018 5534
6019 980
6020 14342
6021 2142
6022 364
6023 1050
6024 4652
6025 1660
6026 1735
6027 5176
6028 3939
6029 223
6030 9734
6031 1044
6032 13608
6033 718
6034 1696
6035 3631
6036 2499
6037 207
6038 339
6039 6171
6040 6103
6041 962
6042 5566
6043 227
6044 1103
6045 11774
6046 536
6047 451
6048 43792
6049 1635
6050 7839
6051 700
6052 4466
6053 212
6054 1139
6055 3509
6056 1727
6057 1242
6058 1751
6059 947
6060 9551
6061 4731
6062 1605
6063 2734
6064 3226
6065 798
6066 2350
6067 240
6068 4172
6069 5508
6070 1690
6071 1268
6072 20711
6073 360
6074 452
6075 7868
6076 8624
6077 1016
6078 1332
6079 345
6080 28182
6081 858
6082 434
6083 4372
6084 11186
6085 840
6086 1780
6087 547
6088 1625
6089 176
6090 19496
6091 182
6092 903
6093 1127
6094 1744
6095 4228
6096 8332
6097 4436
6098 367
6099 2819
6100 7122
6101 244
6102 3874
6103 1032
6104 6613
6105 11337
6106 1668
6107 869
6108 2457
6109 843
6110 7117
6111 5794
6112 4882
6113 215
6114 1149
6115 847
6116 4184
6117 674
6118 9098
6119 1474
6120 35927
6121 409
6122 519
6123 2898
6124 1068
6125 5450
6126 1085
6127 911
6128 3042
6129 2086
6130 1520
6131 217
6132 10577
6133 229
6134 375
6135 2482
6136 7175
6137 2109
6138 11659
6139 879
6140 3586
6141 2631
6142 1927
6143 255
6144 12847
6145 948
6146 1685
6147 1247
6148 4115
6149 4523
6150 9650
6151 222
6152 1782
6153 2757
6154 1943
6155 890
6156 13267
6157 1149
6158 549
6159 1096
6160 49201
6161 1388
6162 6498
6163 255
6164 4407
6165 5355
6166 393
6167 978
6168 4676
6169 1038
6170 1465
6171 5993
6172 895
6173 214
6174 7717
6175 7998
6176 4987
6177 2677
6178 402
6179 980
6180 9644
6181 928
6182 1743
6183 1972
6184 1631
6185 835
6186 1093
6187 918
6188 17699
6189 678
6190 1660
6191 1205
6192 18450
6193 1151
6194 1806
6195 10587
6196 1116
6197 205
6198 1149
6199 260
6200 13089
6201 6555
6202 1718
6203 261
6204 11589
6205 3895
6206 1784
6207 650
6208 7230
6209 968
6210 16312
6211 215
6212 994
6213 2807
6214 2069
6215 4585
6216 19002
6217 324
6218 435
6219 1261
6220 3507
6221 194
6222 5330
6223 1948
6224 3113
6225 4943
6226 1722
6227 1080
6228 5278
6229 215
6230 6982
6231 3039
6232 7484
6233 1010
6234 1235
6235 4331
6236 1165
6237 14280
6238 622
6239 1702
6240 53656
6241 943
6242 619
6243 772
6244 4493
6245 936
6246 2584
6247 229
6248 7566
6249 713
6250 2248
6251 4106
6252 2785
6253 2346
6254 1808
6255 5514
6256 14222
6257 258
6258 5214
6259 918
6260 3701
6261 563
6262 1828
6263 291
6264 15580
6265 4045
6266 1925
6267 571
6268 1041
6269 213
6270 22235
6271 278
6272 18298
6273 6683
6274 416
6275 1655
6276 2604
6277 216
6278 1597
6279 12849
6280 6000
6281 991
6282 2310
6283 872
6284 866
6285 2138
6286 1634
6287 235
6288 8476
6289 1079
6290 7433
6291 2089
6292 8220
6293 4144
6294 1047
6295 763
6296 1744
6297 622
6298 1785
6299 303
6300 39121
6301 312
6302 1997
6303 2888
6304 5397
6305 3715
6306 1060
6307 4174
6308 3957
6309 1231
6310 1398
6311 210
6312 4427
6313 874
6314 7946
6315 2204
6316 903
6317 216
6318 7911
6319 1041
6320 11689
6321 6011
6322 1896
6323 288
6324 11651
6325 8734
6326 395
6327 6453
6328 6974
6329 261
6330 4520
6331 930
6332 1094
6333 679
6334 524
6335 4902
6336 42109
6337 404
6338 493
6339 672
6340 3905
6341 961
6342 5058
6343 239
6344 7360
6345 8733
6346 1827
6347 1015
6348 5352
6349 891
6350 3192
6351 2765
6352 3059
6353 191
6354 2336
6355 3671
6356 3794
6357 2891
6358 3946
6359 329
6360 17370
6361 327
6362 419
6363 5626
6364 4150
6365 4127
6366 1105
6367 235
6368 5046
6369 2840
6370 14446
6371 995
6372 8840
6373 228
6374 367
6375 8281
6376 1732
6377 920
6378 1199
6379 255
6380 16624
6381 1527
6382 529
6383 1464
6384 37962
6385 1290
6386 2049
6387 698
6388 1196
6389 192
6390 10116
6391 4378
6392 7631
6393 698
6394 1846
6395 865
6396 12041
6397 250
6398 1843
6399 3663
6400 22019
6401 1054
6402 5601
6403 1087
6404 1074
6405 10466
6406 383
6407 1017
6408 9514
6409 4883
6410 1483
6411 608
6412 3827
6413 1932
6414 1052
6415 782
6416 3035
6417 6268
6418 344
6419 1812
6420 9477
6421 247
6422 3662
6423 598
6424 7051
6425 1744
6426 17794
6427 211
6428 921
6429 554
6430 1575
6431 1114
6432 14041
6433 1182
6434 412
6435 24048
6436 1116
6437 969
6438 6028
6439 1227
6440 26338
6441 3669
6442 459
6443 1030
6444 5658
6445 835
6446 1807
6447 3004
6448 13884
6449 258
6450 9982
6451 219
6452 967
6453 1901
6454 1631
6455 865
6456 4620
6457 1028
6458 377
6459 612
6460 16076
6461 4161
6462 2485
6463 1053
6464 7631
6465 2580
6466 1800
6467 1066
6468 22313
6469 269
6470 1546
6471 1350
6472 1761
6473 201
6474 5302
6475 7912
6476 1016
6477 2924
6478 2185
6479 6107
6480 35480
6481 416
6482 1975
6483 637
6484 1145
6485 785
6486 5322
6487 950
6488 1766
6489 5569
6490 7116
6491 209
6492 2524
6493 948
6494 1898
6495 2850
6496 21528
6497 1089
6498 5598
6499 1005
6500 11955
6501 2801
6502 394
6503 982
6504 4579
6505 840
6506 331
6507 1917
6508 929
6509 901
6510 20770
6511 1099
6512 13890
6513 3056
6514 407
6515 808
6516 5365
6517 3099
6518 352
6519 3036
6520 6286
6521 246
6522 1152
6523 893
6524 4019
6525 11644
6526 2109
6527 1279
6528 27519
6529 371
6530 1743
6531 2696
6532 4450
6533 968
6534 8494
6535 879
6536 7590
6537 668
6538 1741
6539 1055
6540 9900
6541 964
6542 371
6543 1340
6544 3241
6545 17808
6546 1129
6547 244
6548 1046
6549 3161
6550 3905
6551 420
6552 40401
6553 431
6554 2227
6555 12606
6556 4571
6557 1068
6558 1293
6559 1180
6560 19689
6561 2108
6562 1909
6563 226
6564 2692
6565 3822
6566 3371
6567 2630
6568 1605
6569 197
6570 9615
6571 196
6572 3998
6573 2556
6574 1822
6575 1932
6576 8848
6577 261
6578 9394
6579 6230
6580 14757
6581 214
6582 1110
6583 876
6584 1663
6585 2295
6586 1697
6587 867
6588 8723
6589 1047
6590 1585
6591 2169
6592 7486
6593 962
6594 5250
6595 864
6596 4574
6597 1446
6598 514
6599 432
6600 37151
6601 6097
6602 530
6603 3069
6604 4735
6605 924
6606 2645
6607 265
6608 13686
6609 772
6610 1593
6611 1089
6612 12085
6613 984
6614 367
6615 16772
6616 1761
6617 860
6618 1137
6619 217
6620 3628
6621 641
6622 8895
6623 1300
6624 29806
6625 3527
6626 494
6627 1289
6628 1034
6629 837
6630 21549
6631 957
6632 1714
6633 5793
6634 1774
6635 828
6636 10746
6637 244
6638 399
6639 697
6640 11904
6641 999
6642 5971
6643 4124
6644 4107
6645 2319
6646 384
6647 2179
6648 4473
6649 964
6650 15111
6651 1210
6652 945
6653 213
6654 1162
6655 2889
6656 15303
6657 2949
6658 419
6659 267
6660 21435
6661 287
6662 408
6663 748
6664 14716
6665 4145
6666 5417
6667 940
6668 996
6669 9941
6670 7751
6671 1095
6672 8593
6673 299
6674 1848
6675 4878
6676 942
6677 843
6678 10652
6679 237
6680 5973
6681 2850
6682 1755
6683 908
6684 2607
6685 3597
6686 425
6687 1547
6688 22972
6689 278
6690 4946
6691 231
6692 4030
6693 2897
6694 427
6695 4551
6696 16153
6697 1183
6698 1963
6699 13033
6700 7540
6701 198
6702 1195
6703 220
6704 3299
6705 5226
6706 1803
6707 1025
6708 11782
6709 252
6710 7708
6711 692
6712 1824
6713 2199
6714 2601
6715 4335
6716 4700
6717 873
6718 689
6719 630
6720 74014
6721 7626
6722 708
6723 3703
6724 2539
6725 2076
6726 5966
6727 2302
6728 3838
6729 702
6730 1719
6731 1057
6732 25026
6733 269
6734 8216
6735 2501
6736 3300
6737 190
6738 1145
6739 846
6740 3607
6741 5500
6742 348
6743 1043
6744 4520
6745 4243
6746 324
6747 2714
6748 3936
6749 909
6750 11573
6751 959
6752 4983
6753 573
6754 1695
6755 3420
6756 2523
6757 884
6758 1705
6759 1464
6760 12710
6761 268
6762 11038
6763 218
6764 4347
6765 11528
6766 2012
6767 1171
6768 18498
6769 1283
6770 1727
6771 2827
6772 1039
6773 903
6774 1169
6775 1866
6776 14139
6777 2350
6778 395
6779 240
6780 10130
6781 229
6782 380
6783 13739
6784 9952
6785 3902
6786 11693
6787 897
6788 932
6789 2612
6790 6739
6791 233
6792 4489
6793 227
6794 1765
6795 4964
6796 1006
6797 864
6798 5784
6799 1159
6800 25478
6801 839
6802 2075
6803 244
6804 16113
6805 907
6806 1924
6807 660
6808 7886
6809 945
6810 4752
6811 1890
6812 4199
6813 1313
6814 423
6815 4616
6816 14845
6817 1185
6818 1799
6819 665
6820 16234
6821 1067
6822 2408
6823 229
6824 1692
6825 22761
6826 348
6827 187
6828 2619
6829 235
6830 1560
6831 11052
6832 13316
6833 266
6834 5723
6835 907
6836 1162
6837 3172
6838 2218
6839 1399
6840 38133
6841 440
6842 2240
6843 713
6844 4487
6845 1787
6846 5285
6847 1040
6848 7630
6849 1405
6850 3343
6851 4777
6852 2754
6853 4145
6854 1801
6855 2356
6856 1726
6857 228
6858 4131
6859 859
6860 11567
6861 745
6862 2289
6863 431
6864 40254
6865 1349
6866 539
6867 6076
6868 4436
6869 220
6870 4634
6871 205
6872 1814
6873 2784
6874 1643
6875 4204
6876 5631
6877 2234
6878 1893
6879 818
6880 20012
6881 1087
6882 5838
6883 242
6884 1078
6885 12457
6886 1975
6887 1287
6888 19554
6889 619
6890 8041
6891 648
6892 993
6893 898
6894 2349
6895 3537
6896 3251
6897 6052
6898 378
6899 281
6900 20931
6901 1045
6902 8405
6903 6071
6904 1726
6905 793
6906 1092
6907 224
6908 4231
6909 5647
6910 1739
6911 337
6912 26869
6913 1427
6914 446
6915 2643
6916 19102
6917 257
6918 1175
6919 4555
6920 6455
6921 1325
6922 331
6923 4162
6924 2549
6925 1622
6926 315
6927 547
6928 3027
6929 1939
6930 42147
6931 998
6932 937
6933 536
6934 391
6935 4295
6936 9417
6937 1063
6938 386
6939 2042
6940 3575
6941 966
6942 5878
6943 1062
6944 21735
6945 2974
6946 1954
6947 227
6948 5601
6949 216
6950 3422
6951 2844
6952 7590
6953 976
6954 5739
6955 3957
6956 4440
6957 1374
6958 4280
6959 439
6960 34445
6961 404
6962 1072
6963 2948
6964 1147
6965 3676
6966 6013
6967 261
6968 7740
6969 3047
6970 7707
6971 233
6972 11108
6973 1039
6974 1882
6975 11875
6976 7596
6977 249
6978 1182
6979 876
6980 3569
6981 2804
6982 397
6983 262
6984 9555
6985 4079
6986 1654
6987 2702
6988 989
6989 1020
6990 4795
6991 278
6992 14739
6993 10302
6994 1904
6995 917
6996 12100
6997 266
6998 431
6999 809
7000 20551
7001 293
7002 2635
7003 931
7004 4315
7005 2478
7006 1932
7007 10265
7008 14700
7009 1223
7010 1613
7011 5898
7012 998
7013 197
7014 4876
7015 3790
7016 1715
7017 580
7018 4076
7019 307
7020 33762
7021 4776
7022 458
7023 637
7024 3343
7025 1753
7026 1070
7027 221
7028 3803
7029 6108
7030 7378
7031 1060
7032 4615
7033 1123
7034 373
7035 10657
7036 1028
7037 990
7038 13159
7039 335
7040 37617
7041 929
7042 1946
7043 227
7044 2810
7045 833
7046 1721
7047 4197
7048 1815
7049 4372
7050 10015
7051 1010
7052 4371
7053 695
7054 534
7055 5252
7056 36455
7057 413
7058 497
7059 3159
7060 3986
7061 900
7062 5601
7063 958
7064 1911
7065 5278
7066 403
7067 1050
7068 12383
7069 265
7070 7597
7071 817
7072 24235
7073 1099
7074 4496
7075 1958
7076 4766
7077 2776
7078 449
7079 323
7080 18958
7081 1313
7082 455
7083 1424
7084 18106
7085 4015
7086 1158
7087 989
7088 3273
7089 2891
7090 1474
7091 859
7092 5302
7093 923
7094 334
7095 11153
7096 1601
7097 945
7098 10574
7099 968
7100 7376
7101 2160
7102 2007
7103 345
7104 20904
7105 8832
7106 9366
7107 2839
7108 1046
7109 216
7110 9904
7111 1022
7112 6947
7113 640
7114 383
7115 817
7116 2653
7117 938
7118 382
7119 6169
7120 12101
7121 263
7122 1178
7123 1002
7124 4290
7125 8684
7126 1876
7127 311
7128 22699
7129 341
7130 8116
7131 657
7132 1112
7133 884
7134 5594
7135 856
7136 5606
7137 6346
7138 2074
7139 2561
7140 43080
7141 1345
7142 498
7143 728
7144 7937
7145 870
7146 2461
7147 904
7148 973
7149 561
7150 16530
7151 239
7152 8746
7153 1128
7154 3500
7155 8263
7156 966
7157 888
7158 1086
7159 267
7160 6194
7161 12957
7162 371
7163 4604
7164 5516
7165 879
7166 406
7167 780
7168 17210
7169 1041
7170 4889
7171 921
7172 4340
7173 1418
7174 2067
7175 9357
7176 21591
7177 331
7178 1927
7179 634
7180 3615
7181 926
7182 18595
7183 933
7184 3186
7185 2385
7186 402
7187 223
7188 2639
7189 4375
7190 1558
7191 6623
7192 7729
7193 240
7194 5676
7195 960
7196 4348
7197 762
7198 2421
7199 1747
7200 54051
7201 1682
7202 2370
7203 3145
7204 1352
7205 4022
7206 1264
7207 278
7208 7991
7209 3415
7210 7140
7211 212
7212 2877
7213 218
7214 389
7215 12720
7216 14592
7217 1055
7218 2649
7219 249
7220 7575
7221 3086
7222 2028
7223 1311
7224 20346
7225 4547
7226 431
7227 6252
7228 4435
7229 206
7230 4676
7231 1034
7232 7521
7233 660
7234 372
7235 828
7236 8998
7237 224
7238 8141
7239 2903
7240 6380
7241 991
7242 5258
7243 210
7244 937
7245 22512
7246 418
7247 262
7248 8767
7249 1061
7250 5581
7251 627
7252 8204
7253 224
7254 12045
7255 819
7256 1698
7257 2792
7258 1853
7259 4673
7260 20309
7261 1061
7262 405
7263 2179
7264 5312
7265 852
7266 5283
7267 2165
7268 4353
7269 614
7270 1607
7271 1177
7272 10254
7273 1150
7274 425
7275 5611
7276 4543
7277 1172
7278 1570
7279 1481
7280 52195
7281 2134
7282 2134
7283 256
7284 2988
7285 3967
7286 387
7287 2816
7288 1834
7289 975
7290 8620
7291 962
7292 1032
7293 14640
7294 2066
7295 1181
7296 28879
7297 383
7298 2081
7299 1390
7300 8107
7301 2002
7302 1201
7303 1020
7304 7874
7305 2731
7306 1939
7307 268
7308 24023
7309 273
7310 8066
7311 618
7312 3398
7313 927
7314 5683
7315 17872
7316 4361
7317 2206
7318 450
7319 1281
7320 18332
7321 320
7322 1756
7323 597
7324 1014
7325 1760
7326 11884
7327 1015
7328 5241
7329 2741
7330 1629
7331 241
7332 12195
7333 247
7334 1821
7335 5535
7336 7216
7337 4993
7338 1195
7339 961
7340 3758
7341 682
7342 478
7343 1304
7344 31107
7345 4869
7346 484
7347 2940
7348 4299
7349 227
7350 20076
7351 231
7352 1861
7353 6013
7354 401
7355 836
7356 2670
7357 931
7358 1862
7359 3607
7360 29229
7361 1294
7362 2809
7363 1042
7364 4049
7365 2468
7366 1843
7367 1030
7368 4836
7369 253
7370 7679
7371 13717
7372 4255
7373 921
7374 1170
7375 2826
7376 3380
7377 639
7378 9255
7379 1119
7380 21766
7381 2582
7382 468
7383 3352
7384 8151
7385 4264
7386 1261
7387 997
7388 1240
7389 1547
7390 2147
7391 1762
7392 62091
7393 550
7394 637
7395 13278
7396 2528
7397 1042
7398 4431
7399 2439
7400 14201
7401 790
7402 381
7403 1151
7404 2818
7405 739
7406 3704
7407 1277
7408 3280
7409 1037
7410 22640
7411 223
7412 4367
7413 2673
7414 1986
7415 959
7416 10249
7417 272
7418 414
7419 701
7420 15705
7421 974
7422 1259
7423 1048
7424 13265
7425 19592
7426 1896
7427 938
7428 2759
7429 4661
7430 1548
7431 626
7432 1746
7433 217
7434 11339
7435 865
7436 9263
7437 3310
7438 538
7439 1504
7440 35488
7441 1463
7442 1016
7443 1394
7444 1240
7445 932
7446 6004
7447 1056
7448 15449
7449 3381
7450 3604
7451 234
7452 13282
7453 1012
7454 385
7455 11196
7456 5363
7457 204
7458 5490
7459 212
7460 3646
7461 1274
7462 8379
7463 1036
7464 4575
7465 851
7466 371
7467 2673
7468 889
7469 3962
7470 9935
7471 1084
7472 3125
7473 3088
7474 1870
7475 9213
7476 11685
7477 280
7478 490
7479 2980
7480 30340
7481 319
7482 6375
7483 1024
7484 1348
7485 2787
7486 2300
7487 409
7488 45023
7489 426
7490 8191
7491 3089
7492 1193
7493 906
7494 1125
7495 832
7496 1799
7497 13150
7498 1806
7499 237
7500 10999
7501 1195
7502 4106
7503 3137
7504 13721
7505 4298
7506 4272
7507 201
7508 945
7509 568
7510 1534
7511 4648
7512 4691
7513 1116
7514 3960
7515 5178
7516 957
7517 206
7518 5462
7519 1161
7520 20785
7521 3411
7522 465
7523 322
7524 26437
7525 8524
7526 1897
7527 2893
7528 1775
7529 240
7530 4588
7531 926
7532 4040
7533 4357
7534 403
7535 4396
7536 9315
7537 281
7538 402
7539 2870
7540 17452
7541 231
7542 2623
7543 1087
7544 7907
7545 2651
7546 6369
7547 233
7548 12761
7549 253
7550 3730
7551 1547
7552 10798
7553 4825
7554 1304
7555 966
7556 1382
7557 3358
7558 626
7559 522
7560 59400
7561 565
7562 2505
7563 818
7564 5163
7565 4402
7566 6178
7567 5279
7568 15224
7569 3349
7570 1693
7571 945
7572 2747
7573 220
7574 1624
7575 5206
7576 1704
7577 233
7578 2383
7579 4487
7580 3720
7581 5936
7582 1945
7583 336
7584 14695
7585 4541
7586 394
7587 2168
7588 4272
7589 224
7590 22877
7591 267
7592 7765
7593 687
7594 422
7595 7986
7596 5784
7597 1059
7598 1992
7599 3650
7600 26168
7601 1153
7602 5622
7603 242
7604 1048
7605 10841
7606 397
7607 240
7608 4823
7609 1103
7610 1621
7611 2869
7612 4185
7613 1049
7614 6577
7615 1074
7616 32688
7617 895
7618 2013
7619 1131
7620 10477
7621 262
7622 1750
7623 12132
7624 1795
7625 2747
7626 5374
7627 998
7628 990
7629 594
7630 7426
7631 1254
7632 19096
7633 1250
7634 2072
7635 2522
7636 4324
7637 865
7638 5755
7639 225
7640 6629
7641 2343
7642 426
7643 279
7644 23675
7645 4245
7646 436
7647 647
7648 5409
7649 219
7650 22317
7651 901
7652 1043
7653 641
7654 1994
7655 1106
7656 21741
7657 5558
7658 1828
7659 6399
7660 3593
7661 977
7662 1137
7663 1055
7664 3162
7665 10822
7666 383
7667 4565
7668 9043
7669 237
7670 7677
7671 717
7672 7224
7673 234
7674 1211
7675 1919
7676 4599
7677 1428
7678 2231
7679 1423
7680 38015
7681 440
7682 2327
7683 3112
7684 4805
7685 4277
7686 11275
7687 233
7688 3691
7689 2906
7690 1528
7691 218
7692 2902
7693 2011
7694 379
7695 13674
7696 15118
7697 1125
7698 1307
7699 294
7700 32889
7701 3307
7702 443
7703 296
7704 10549
7705 4639
7706 374
7707 2689
7708 4234
7709 933
7710 4560
7711 947
7712 5127
7713 1274
7714 8586
7715 792
7716 2659
7717 202
7718 1847
7719 2954
7720 6488
7721 1015
7722 20233
7723 227
7724 1095
7725 5659
7726 557
7727 428
7728 38831
7729 1482
7730 1910
7731 1425
7732 1085
7733 4736
7734 1187
7735 18444
7736 1897
7737 676
7738 1855
7739 1133
7740 21997
7741 296
7742 3974
7743 3279
7744 16489
7745 989
7746 1314
7747 1062
7748 4639
7749 9783
7750 5984
7751 1498
7752 22604
7753 356
7754 469
7755 12091
7756 4300
7757 218
7758 2637
7759 274
7760 12424
7761 3166
7762 384
7763 903
7764 2666
7765 769
7766 1704
7767 1211
7768 1636
7769 1003
7770 20762
7771 986
7772 4240
7773 609
7774 4380
7775 2236
7776 21043
7777 4797
7778 439
7779 633
7780 3824
7781 938
7782 1168
7783 1021
7784 7214
7785 5427
7786 1866
7787 1120
7788 12088
7789 252
7790 7906
7791 5885
7792 3368
7793 217
7794 2449
7795 858
7796 1081
7797 3093
7798 2084
7799 1608
7800 38817
7801 1485
7802 2285
7803 4902
7804 1237
7805 3871
7806 1201
7807 1084
7808 10667
7809 3218
7810 8021
7811 1108
7812 24345
7813 1189
7814 425
7815 2472
7816 1886
7817 212
7818 1174
7819 927
7820 17333
7821 6377
7822 412
7823 281
7824 9415
7825 2079
7826 8580
7827 581
7828 4376
7829 202
7830 17467
7831 1034
7832 7644
7833 2959
7834 421
7835 824
7836 2944
7837 1027
7838 487
7839 8008
7840 39723
7841 382
7842 1439
7843 4960
7844 4677
7845 2628
7846 427
7847 4818
7848 10155
7849 1207
7850 3455
7851 598
7852 4401
7853 196
7854 25089
7855 807
7856 3287
7857 3080
7858 384
7859 942
7860 10003
7861 960
7862 359
7863 576
7864 1657
7865 7953
7866 12342
7867 246
7868 3967
7869 2945
7870 1786
7871 1310
7872 21709
7873 344
7874 1928
7875 17661
7876 4576
7877 223
7878 5886
7879 252
7880 6791
7881 3112
7882 1817
7883 240
7884 9405
7885 4230
7886 427
7887 3369
7888 15386
7889 3618
7890 5109
7891 1063
7892 1111
7893 1501
7894 459
7895 1221
7896 21142
7897 1206
7898 2294
7899 690
7900 8230
7901 237
7902 2983
7903 1179
7904 25565
7905 14440
7906 2048
7907 237
7908 3045
7909 1208
7910 7757
7911 2584
7912 8442
7913 1115
7914 1400
7915 1044
7916 1342
7917 15158
7918 2697
7919 610
7920 74145
7921 1056
7922 2668
7923 3689
7924 4697
7925 2115
7926 1242
7927 235
7928 1991
7929 1409
7930 7808
7931 4646
7932 2687
7933 256
7934 430
7935 5638
7936 13264
7937 247
7938 12484
7939 986
7940 3756
7941 597
7942 4267
7943 2262
7944 4840
7945 3812
7946 1857
7947 1341
7948 966
7949 218
7950 10408
7951 269
7952 14175
7953 3342
7954 2028
7955 4518
7956 26817
7957 1120
7958 2006
7959 3048
7960 6985
7961 1108
7962 1185
7963 220
7964 4573
7965 8935
7966 1867
7967 1184
7968 15106
7969 1280
7970 1733
7971 589
7972 1056
7973 4514
7974 2485
7975 8634
7976 1809
7977 654
7978 437
7979 1269
7980 44557
7981 1262
7982 2028
7983 1446
7984 3589
7985 915
7986 4062
7987 2015
7988 1020
7989 649
7990 8140
7991 1163
7992 16902
7993 301
7994 1874
7995 12596
7996 1196
7997 1033
7998 6136
7999 1352
8000 22688
8001 7138
8002 490
8003 1117
8004 13660
8005 1014
8006 486
8007 3776
8008 33883
8009 355
8010 11330
8011 234
8012 1120
8013 634
8014 412
8015 4136
8016 9300
8017 291
8018 1856
8019 5422
8020 3761
8021 930
8022 5274
8023 1046
8024 7641
8025 5390
8026 412
8027 1002
8028 5683
8029 4688
8030 7678
8031 643
8032 5253
8033 1045
8034 5695
8035 854
8036 8717
8037 6603
8038 452
8039 368
8040 18724
8041 5562
8042 427
8043 2676
8044 1038
8045 796
8046 4142
8047 963
8048 3281
8049 636
8050 16259
8051 1064
8052 12336
8053 238
8054 466
8055 5907
8056 8282
8057 1135
8058 6171
8059 275
8060 18387
8061 846
8062 2463
8063 1673
8064 58346
8065 1465
8066 2324
8067 713
8068 1295
8069 203
8070 4852
8071 1030
8072 1902
8073 10903
8074 1796
8075 8415
8076 2783
8077 912
8078 1744
8079 773
8080 12574
8081 255
8082 2600
8083 918
8084 4236
8085 23751
8086 1819
8087 240
8088 4949
8089 269
8090 1606
8091 6930
8092 8784
8093 237
8094 6042
8095 1037
8096 25563
8097 878
8098 477
8099 4850
8100 24375
8101 300
8102 414
8103 3013
8104 1869
8105 814
8106 5230
8107 2067
8108 1037
8109 6334
8110 1752
8111 351
8112 19165
8113 5347
8114 453
8115 2543
8116 1185
8117 257
8118 13384
8119 1287
8120 28647
8121 904
8122 1996
8123 230
8124 2874
8125 4253
8126 1999
8127 10096
8128 7805
8129 1058
8130 4838
8131 1000
8132 4329
8133 623
8134 3721
8135 1016
8136 10342
8137 1084
8138 1870
8139 682
8140 16935
8141 943
8142 5849
8143 1169
8144 3382
8145 5386
8146 386
8147 252
8148 11498
8149 1077
8150 3547
8151 14133
8152 1801
8153 1031
8154 4263
8155 3934
8156 1143
8157 784
8158 647
8159 1787
8160 58512
8161 530
8162 10178
8163 1522
8164 4945
8165 4253
8166 1307
8167 229
8168 1908
8169 2692
8170 8079
8171 211
8172 5838
8173 1057
8174 1852
8175 5916
8176 14090
8177 5483
8178 6210
8179 262
8180 4041
8181 3392
8182 464
8183 2355
8184 22467
8185 1164
8186 462
8187 627
8188 4593
8189 1041
8190 46352
8191 239
8192 6687
8193 621
8194 2031
8195 3967
8196 2912
8197 904
8198 420
8199 1539
8200 14036
8201 1112
8202 1302
8203 994
8204 4265
8205 2667
8206 2220
8207 1327
8208 32014
8209 391
8210 1881
8211 13647
8212 1183
8213 1109
8214 2524
8215 4270
8216 7832
8217 6450
8218 1797
8219 235
8220 10624
8221 247
8222 385
8223 659
8224 5469
8225 8147
8226 2563
8227 1056
8228 9061
8229 3010
8230 1684
8231 289
8232 15220
8233 303
8234 2079
8235 9049
8236 4607
8237 271
8238 1246
8239 4539
8240 12648
8241 3221
8242 1871
8243 236
8244 5653
8245 3863
8246 8147
8247 588
8248 1682
8249 918
8250 16571
8251 1037
8252 1008
8253 5923
8254 478
8255 4675
8256 22273
8257 1494
8258 457
8259 745
8260 16214
8261 1018
8262 8461
8263 235
8264 1927
8265 12486
8266 439
8267 985
8268 12676
8269 274
8270 1749
8271 1623
8272 15504
8273 274
8274 5749
8275 2073
8276 1255
8277 3210
8278 561
8279 1559
8280 41130
8281 5896
8282 2296
8283 3321
8284 5206
8285 1020
8286 1376
8287 296
8288 23713
8289 2793
8290 1752
8291 221
8292 2934
8293 209
8294 9408
8295 11810
8296 8075
8297 260
8298 2611
8299 1038
8300 8015
8301 626
8302 1876
8303 2499
8304 9542
8305 4395
8306 399
8307 6638
8308 4556
8309 912
8310 4884
8311 238
8312 1933
8313 3018
8314 454
8315 1116
8316 41178
8317 369
8318 543
8319 4184
8320 42025
8321 1317
8322 6513
8323 4873
8324 1190
8325 12399
8326 2006
8327 1094
8328 4920
8329 255
8330 15499
8331 560
8332 956
8333 934
8334 2412
8335 797
8336 3241
8337 2684
8338 1934
8339 951
8340 10433
8341 1151
8342 1817
8343 3523
8344 7426
8345 887
8346 5990
8347 932
8348 1077
8349 6720
8350 4065
8351 1377
8352 32645
8353 387
8354 507
8355 2766
8356 1328
8357 1042
8358 5866
8359 1283
8360 31612
8361 1895
8362 2122
8363 270
8364 13356
8365 3969
8366 1997
8367 620
8368 3489
8369 229
8370 17924
8371 1018
8372 19177
8373 663
8374 1942
8375 3338
8376 5066
8377 284
8378 1833
8379 13027
8380 3751
8381 2100
8382 5712
8383 994
8384 7770
8385 12588
8386 1818
8387 231
8388 5724
8389 237
8390 1608
8391 690
8392 1835
8393 4670
8394 1236
8395 4396
8396 1186
8397 2719
8398 11778
8399 1927
8400 70076
8401 2017
8402 727
8403 859
8404 5013
8405 2009
8406 2684
8407 1091
8408 1916
8409 681
8410 3540
8411 1048
8412 2848
8413 981
8414 1786
8415 26184
8416 5562
8417 1034
8418 5827
8419 246
8420 3915
8421 2891
8422 452
8423 340
8424 24626
8425 2463
8426 2133
8427 1523
8428 9186
8429 238
8430 5215
8431 278
8432 15855
8433 1549
8434 436
8435 3945
8436 13289
8437 5326
8438 416
8439 3184
8440 6904
8441 1042
8442 11764
8443 220
8444 1177
8445 2616
8446 2191
8447 416
8448 37306
8449 6130
8450 8343
8451 2345
8452 1225
8453 992
8454 1215
8455 4325
8456 7773
8457 732
8458 425
8459 1212
8460 22518
8461 281
8462 414
8463 13986
8464 7292
8465 876
8466 5697
8467 231
8468 4466
8469 1237
8470 15371
8471 1086
8472 4959
8473 1083
8474 1879
8475 5389
8476 4456
8477 1947
8478 4463
8479 1243
8480 21125
8481 3428
8482 444
8483 1073
8484 11799
8485 902
8486 382
8487 6349
8488 1811
8489 940
8490 4614
8491 958
8492 4466
8493 3125
8494 2104
8495 1082
8496 20022
8497 1176
8498 1944
8499 696
8500 13282
8501 248
8502 5764
8503 950
8504 1836
8505 16264
8506 416
8507 1032
8508 2885
8509 1074
8510 8154
8511 922
8512 33665
8513 331
8514 13287
8515 4287
8516 1244
8517 2997
8518 488
8519 1297
8520 19242
8521 355
8522 460
8523 1343
8524 1160
8525 8874
8526 12152
8527 272
8528 15413
8529 776
8530 1710
8531 1084
8532 9632
8533 4642
8534 2007
8535 2604
8536 8022
8537 261
8538 1266
8539 242
8540 16483
8541 6906
8542 454
8543 315
8544 15698
8545 1043
8546 417
8547 13038
8548 1083
8549 921
8550 22815
8551 1157
8552 1786
8553 631
8554 8885
8555 4198
8556 12836
8557 1100
8558 2063
8559 2698
8560 13283
8561 1173
8562 1338
8563 239
8564 1248
8565 2747
8566 554
8567 1642
8568 45451
8569 6511
8570 2059
8571 758
8572 1294
8573 232
8574 1337
8575 6799
8576 11808
8577 1658
8578 494
8579 1361
8580 49511
8581 361
8582 2044
8583 747
8584 8786
8585 4517
8586 6531
8587 1065
8588 4645
8589 2713
8590 1667
8591 2552
8592 9689
8593 1195
8594 379
8595 5395
8596 4328
8597 230
8598 1228
8599 271
8600 14127
8601 3233
8602 9605
8603 895
8604 5773
8605 866
8606 1849
8607 2903
8608 5205
8609 210
8610 21723
8611 975
8612 991
8613 10594
8614 1890
8615 966
8616 4699
8617 1062
8618 1852
8619 6326
8620 3781
8621 1014
8622 2916
8623 321
8624 29374
8625 10653
8626 2058
8627 237
8628 2903
8629 244
8630 1791
8631 6660
8632 8410
8633 1130
8634 1322
8635 4494
8636 5002
8637 862
8638 2419
8639 1758
8640 64731
8641 522
8642 2575
8643 3438
8644 1461
8645 19567
8646 5944
8647 303
8648 8313
8649 3433
8650 3702
8651 1005
8652 11845
8653 1000
8654 404
8655 2593
8656 3415
8657 902
8658 12413
8659 882
8660 3921
8661 609
8662 1897
8663 259
8664 9990
8665 989
8666 1754
8667 3218
8668 4250
8669 231
8670 10350
8671 4832
8672 5476
8673 6187
8674 416
8675 1849
8676 5997
8677 263
8678 435
8679 3675
8680 29033
8681 318
8682 1366
8683 1102
8684 4609
8685 5415
8686 1942
8687 5407
8688 9494
8689 294
8690 8041
8691 614
8692 4389
8693 211
8694 19368
8695 3952
8696 1840
8697 3012
8698 461
8699 275
8700 22958
8701 4873
8702 1998
8703 1548
8704 17122
8705 1001
8706 1305
8707 198
8708 4452
8709 665
8710 8663
8711 1315
8712 21499
8713 335
8714 456
8715 11568
8716 1147
8717 999
8718 1277
8719 305
8720 12968
8721 11740
8722 4072
8723 5449
8724 2828
8725 1779
8726 385
8727 681
8728 1845
8729 4897
8730 10740
8731 247
8732 4818
8733 3397
8734 2536
8735 1620
8736 66847
8737 555
8738 2621
8739 1752
8740 18758
8741 262
8742 6240
8743 1106
8744 2040
8745 12060
8746 406
8747 233
8748 6307
8749 1237
8750 7947
8751 639
8752 3361
8753 210
8754 1202
8755 3950
8756 4453
8757 6051
8758 2106
8759 1321
8760 19114
8761 342
8762 2097
8763 3001
8764 4367
8765 918
8766 2539
8767 985
8768 8083
8769 3150
8770 1610
8771 2060
8772 12651
8773 1111
8774 1864
8775 19541
8776 1773
8777 917
8778 25904
8779 231
8780 3773
8781 677
8782 475
8783 311
8784 19975
8785 4454
8786 2130
8787 3075
8788 3491
8789 4836
8790 5074
8791 1080
8792 7637
8793 1479
8794 418
8795 929
8796 3020
8797 1099
8798 2190
8799 3800
8800 44529
8801 1366
8802 4925
8803 255
8804 4809
8805 2688
8806 9338
8807 253
8808 5181
8809 1170
8810 1615
8811 6443
8812 1068
8813 958
8814 6231
8815 4604
8816 16493
8817 809
8818 506
8819 355
8820 44602
8821 351
8822 2196
8823 3292
8824 2072
8825 1962
8826 1207
8827 4737
8828 1135
8829 3458
8830 1886
8831 395
8832 31254
8833 2782
8834 2148
8835 13390
8836 2439
8837 238
8838 2990
8839 360
8840 33073
8841 3689
8842 514
8843 1307
8844 13677
8845 4691
8846 449
8847 1607
8848 14864
8849 286
8850 11090
8851 1025
8852 1125
8853 3164
8854 2088
8855 20769
8856 17266
8857 1279
8858 1916
8859 659
8860 3853
8861 197
8862 5259
8863 231
8864 5478
8865 5327
8866 9166
8867 236
8868 2721
8869 1979
8870 1590
8871 624
8872 1708
8873 980
8874 12916
8875 3078
8876 4210
8877 3196
8878 2318
8879 1553
8880 36983
8881 1462
8882 543
8883 10346
8884 1219
8885 928
8886 1255
8887 257
8888 8264
8889 761
8890 7655
8891 1127
8892 27340
8893 297
8894 463
8895 2792
8896 8357
8897 5105
8898 1270
8899 1041
8900 8417
8901 6897
8902 462
8903 1309
8904 21763
8905 4899
8906 1950
8907 652
8908 4568
8909 956
8910 25158
8911 4733
8912 3408
8913 666
8914 428
8915 806
8916 2744
8917 1129
8918 6119
8919 1424
8920 6667
8921 1040
8922 1180
8923 245
8924 4677
8925 25911
8926 519
8927 1440
8928 33764
8929 414
8930 9058
8931 3422
8932 19717
8933 255
8934 1218
8935 857
8936 1938
8937 2255
8938 1922
8939 956
8940 10826
8941 264
8942 2150
8943 3281
8944 15656
8945 940
8946 12147
8947 976
8948 1030
8949 2887
8950 3551
8951 243
8952 5128
8953 1109
8954 4509
8955 5580
8956 1132
8957 2290
8958 1586
8959 3197
8960 48940
8961 4317
8962 546
8963 297
8964 10469
8965 4600
8966 435
8967 6764
8968 8657
8969 276
8970 25107
8971 256
8972 1221
8973 1498
8974 2231
8975 2731
8976 44154
8977 1599
8978 1072
8979 3296
8980 4243
8981 942
8982 2588
8983 1017
8984 1870
8985 2463
8986 395
8987 5101
8988 11952
8989 1002
8990 8325
8991 4665
8992 5685
8993 2400
8994 1253
8995 3872
8996 4641
8997 685
8998 2227
8999 366
9000 30100
9001 375
9002 1903
9003 651
9004 1120
9005 805
9006 5799
9007 240
9008 3406
9009 29245
9010 8202
9011 215
9012 2904
9013 248
9014 413
9015 2828
9016 16038
9017 1152
9018 4727
9019 1152
9020 18016
9021 3299
9022 2277
9023 1250
9024 23271
9025 4824
9026 467
9027 6702
9028 4756
9029 243
9030 22153
9031 1014
9032 1881
9033 601
9034 398
9035 4102
9036 6066
9037 958
9038 399
9039 3357
9040 13331
9041 277
9042 6265
9043 269
9044 20500
9045 10044
9046 545
9047 1349
9048 24310
9049 381
9050 3822
9051 2873
9052 4779
9053 1015
9054 2639
9055 871
9056 5695
9057 670
9058 1831
9059 235
9060 10861
9061 5117
9062 1994
9063 7129
9064 8089
9065 8815
9066 1219
9067 259
9068 1185
9069 755
9070 2038
9071 1605
9072 43585
9073 1544
9074 2278
9075 12052
9076 1273
9077 1056
9078 5907
9079 1106
9080 6835
9081 1496
9082 2003
9083 959
9084 2804
9085 4052
9086 8666
9087 3222
9088 10722
9089 995
9090 10567
9091 218
9092 995
9093 2760
9094 395
9095 4344
9096 5274
9097 1158
9098 418
9099 2536
9100 34957
9101 1353
9102 6397
9103 254
9104 3833
9105 2715
9106 1981
9107 1053
9108 27766
9109 298
9110 1827
9111 787
9112 8939
9113 1111
9114 12433
9115 1008
9116 5178
9117 1653
9118 2648
9119 1888
9120 62120
9121 1700
9122 665
9123 782
9124 1391
9125 3194
9126 9795
9127 264
9128 7886
9129 3238
9130 8234
9131 1028
9132 2850
9133 238
9134 384
9135 24590
9136 3482
9137 290
9138 1214
9139 5407
9140 3905
9141 3060
9142 1838
9143 1204
9144 10472
9145 4482
9146 1978
9147 659
9148 1123
9149 1013
9150 11646
9151 362
9152 36978
9153 4122
9154 2162
9155 1029
9156 12572
9157 264
9158 2061
9159 3161
9160 7036
9161 276
9162 2650
9163 9962
9164 4608
9165 12675
9166 425
9167 1156
9168 9578
9169 1129
9170 7646
9171 1380
9172 1080
9173 234
9174 5851
9175 1984
9176 8682
9177 15410
9178 2174
9179 1227
9180 38646
9181 370
9182 520
9183 872
9184 25107
9185 4778
9186 1356
9187 237
9188 1205
9189 1360
9190 1748
9191 5047
9192 5200
9193 1122
9194 387
9195 2732
9196 10106
9197 1124
9198 12913
9199 329
9200 28890
9201 914
9202 2126
9203 271
9204 13378
9205 4043
9206 405
9207 10993
9208 1948
9209 245
9210 5042
9211 1017
9212 9130
9213 3260
9214 2110
9215 5423
9216 26466
9217 1287
9218 2263
9219 2980
9220 4140
9221 253
9222 5891
9223 1049
9224 1792
9225 12316
9226 1882
9227 222
9228 2889
9229 1210
9230 8242
9231 3159
9232 3461
9233 1163
9234 8930
9235 1062
9236 1294
9237 902
9238 2755
9239 640
9240 81813
9241 661
9242 768
9243 7473
9244 1493
9245 2213
9246 6581
9247 1288
9248 12161
9249 831
9250 6276
9251 2709
9252 6210
9253 1029
9254 1921
9255 2767
9256 8051
9257 249
9258 1239
9259 977
9260 3966
9261 7311
9262 2125
9263 1151
9264 9649
9265 4621
9266 1958
9267 657
9268 4316
9269 4829
9270 10702
9271 1094
9272 8120
9273 3241
9274 424
9275 8552
9276 2948
9277 261
9278 451
9279 1857
9280 31551
9281 328
9282 28653
9283 262
9284 5046
9285 2833
9286 486
9287 1271
9288 17916
9289 1302
9290 1877
9291 3136
9292 4715
9293 266
9294 1331
9295 9230
9296 15057
9297 1582
9298 451
9299 1132
9300 23602
9301 1089
9302 425
9303 2817
9304 1936
9305 885
9306 12711
9307 934
9308 4604
9309 3108
9310 17012
9311 316
9312 15802
9313 1166
9314 455
9315 13766
9316 4748
9317 3225
9318 1237
9319 264
9320 7245
9321 3395
9322 2066
9323 307
9324 25748
9325 2078
9326 469
9327 780
9328 15959
9329 1051
9330 5085
9331 4751
9332 1040
9333 6572
9334 2048
9335 988
9336 5035
9337 236
9338 9271
9339 2966
9340 3826
9341 202
9342 4492
9343 267
9344 10944
9345 12198
9346 476
9347 1280
9348 13474
9349 274
9350 18420
9351 1638
9352 8110
9353 1163
9354 1388
9355 1014
9356 1349
9357 866
9358 709
9359 3602
9360 78385
9361 8038
9362 2689
9363 874
9364 1382
9365 1034
9366 5720
9367 5118
9368 2088
9369 2437
9370 1753
9371 254
9372 13113
9373 5300
9374 1977
9375 3955
9376 5947
9377 261
9378 2800
9379 1092
9380 17154
9381 3601
9382 515
9383 1386
9384 24343
9385 1222
9386 4442
9387 6449
9388 1148
9389 962
9390 4905
9391 234
9392 3555
9393 3111
9394 8899
9395 887
9396 14533
9397 272
9398 2053
9399 3638
9400 15138
9401 5444
9402 1354
9403 304
9404 1319
9405 28014
9406 576
9407 1625
9408 45000
9409 856
9410 2098
9411 756
9412 5271
9413 237
9414 2758
9415 4204
9416 8454
9417 3261
9418 2051
9419 246
9420 11281
9421 272
9422 1898
9423 2483
9424 16297
9425 9433
9426 1276
9427 958
9428 1066
9429 2717
9430 8259
9431 267
9432 10597
9433 288
9434 1929
9435 12936
9436 4407
9437 221
9438 13017
9439 329
9440 21581
9441 1709
9442 416
9443 4590
9444 2766
9445 832
9446 361
9447 2942
9448 1717
9449 959
9450 35047
9451 1054
9452 4499
9453 2933
9454 2020
9455 4711
9456 9744
9457 2414
9458 446
9459 1403
9460 17766
9461 256
9462 6320
9463 304
9464 16187
9465 2976
9466 459
9467 247
9468 6105
9469 1098
9470 1736
9471 14740
9472 14223
9473 285
9474 1240
9475 1948
9476 4714
9477 5886
9478 2013
9479 360
9480 19622
9481 1426
9482 2217
9483 3022
9484 1079
9485 3764
9486 13276
9487 1043
9488 3474
9489 671
9490 8022
9491 230
9492 11964
9493 1163
9494 1934
9495 5701
9496 1944
9497 230
9498 1327
9499 4894
9500 14072
9501 824
9502 599
9503 7042
9504 55449
9505 1452
9506 4666
9507 792
9508 1424
9509 1039
9510 5436
9511 289
9512 9082
9513 7132
9514 2172
9515 4905
9516 14215
9517 1295
9518 619
9519 4751
9520 58617
9521 433
9522 6883
9523 1092
9524 1260
9525 5744
9526 2079
9527 1143
9528 5291
9529 1238
9530 1635
9531 2206
9532 969
9533 220
9534 5679
9535 906
9536 8440
9537 7139
9538 2051
9539 302
9540 23407
9541 4858
9542 1915
9543 652
9544 1944
9545 4194
9546 6042
9547 268
9548 19745
9549 1507
9550 3763
9551 283
9552 9767
9553 1127
9554 2065
9555 24887
9556 1030
9557 1145
9558 6504
9559 2338
9560 6767
9561 695
9562 1877
9563 1004
9564 2924
9565 893
9566 460
9567 1752
9568 26319
9569 1301
9570 26065
9571 1133
9572 1346
9573 745
9574 584
9575 2793
9576 46732
9577 1586
9578 567
9579 3356
9580 4135
9581 5046
9582 1346
9583 2238
9584 3727
9585 9814
9586 416
9587 253
9588 13373
9589 1150
9590 7952
9591 3475
9592 8461
9593 1087
9594 13421
9595 4886
9596 1285
9597 3168
9598 600
9599 1727
9600 54840
9601 529
9602 577
9603 7118
9604 5131
9605 4328
9606 1245
9607 1065
9608 1946
9609 672
9610 3520
9611 992
9612 9825
9613 239
9614 9921
9615 2554
9616 3561
9617 999
9618 5491
9619 239
9620 18366
9621 1386
9622 1946
9623 267
9624 5243
9625 14397
9626 405
9627 614
9628 4620
9629 268
9630 11471
9631 308
9632 24606
9633 7480
9634 483
9635 4465
9636 13385
9637 1255
9638 1971
9639 15822
9640 7214
9641 1172
9642 1230
9643 234
9644 1118
9645 2553
9646 9502
9647 1254
9648 20860
9649 333
9650 3993
9651 696
9652 4989
9653 2079
9654 1269
9655 970
9656 8985
9657 7499
9658 2190
9659 1336
9660 48679
9661 358
9662 520
9663 799
9664 9045
9665 962
9666 4523
9667 1009
9668 1231
9669 3155
9670 1859
9671 1360
9672 24299
9673 1298
9674 2050
9675 12956
9676 5038
9677 263
9678 1461
9679 335
9680 27751
9681 3547
9682 2074
9683 1187
9684 6292
9685 4314
9686 2056
9687 713
9688 7685
9689 242
9690 24844
9691 950
9692 1054
9693 2123
9694 2122
9695 4334
9696 15789
9697 300
9698 2073
9699 3123
9700 8328
9701 922
9702 24914
9703 1051
9704 1744
9705 2375
9706 1959
9707 1002
9708 2821
9709 4500
9710 1597
9711 6540
9712 3298
9713 1013
9714 1167
9715 4631
9716 4316
9717 3163
9718 2171
9719 399
9720 28762
9721 386
9722 541
9723 3219
9724 21882
9725 2129
9726 1370
9727 1182
9728 17496
9729 7477
9730 7784
9731 1115
9732 2944
9733 253
9734 1861
9735 12375
9736 1932
9737 4614
9738 2706
9739 242
9740 4114
9741 3389
9742 560
9743 431
9744 42009
9745 1349
9746 2422
9747 5198
9748 1244
9749 240
9750 18404
9751 2405
9752 8703
9753 769
9754 506
9755 915
9756 6290
9757 1074
9758 10330
9759 855
9760 22241
9761 1166
9762 1441
9763 1112
9764 1201
9765 26060
9766 2203
9767 341
9768 23804
9769 375
9770 1874
9771 697
9772 4684
9773 1189
9774 4645
9775 10428
9776 16361
9777 824
9778 445
9779 4946
9780 11250
9781 254
9782 1887
9783 1425
9784 1948
9785 4238
9786 5606
9787 229
9788 1163
9789 3329
9790 9366
9791 438
9792 50079
9793 1594
9794 2473
9795 3022
9796 5424
9797 1148
9798 6672
9799 1495
9800 30074
9801 8511
9802 4802
9803 313
9804 14017
9805 4519
9806 463
9807 3016
9808 3672
9809 1191
9810 10769
9811 227
9812 4405
9813 631
9814 1737
9815 4363
9816 5130
9817 221
9818 383
9819 1334
9820 3816
9821 4610
9822 1222
9823 4913
9824 5911
9825 5845
9826 1560
9827 1238
9828 42107
9829 328
9830 1795
9831 3216
9832 2006
9833 227
9834 5996
9835 4047
9836 1156
9837 1480
9838 571
9839 411
9840 38239
9841 1626
9842 10237
9843 3298
9844 4931
9845 4382
9846 2735
9847 1079
9848 1997
9849 6446
9850 3758
9851 236
9852 3057
9853 1159
9854 2187
9855 11924
9856 47474
9857 385
9858 7019
9859 312
9860 19770
9861 3596
9862 474
9863 1154
9864 11290
9865 1076
9866 406
9867 15596
9868 1125
9869 966
9870 22918
9871 256
9872 3483
9873 1395
9874 426
9875 3030
9876 2924
9877 4837
9878 2146
9879 3907
9880 32881
9881 1416
9882 7004
9883 272
9884 4607
9885 2765
9886 483
9887 300
9888 16216
9889 5947
9890 8754
9891 6177
9892 1144
9893 1056
9894 5923
9895 908
9896 1913
9897 687
9898 4138
9899 1315
9900 48725
9901 363
9902 497
9903 705
9904 3727
9905 4140
9906 6130
9907 247
9908 1105
9909 2362
9910 1857
9911 6040
9912 22592
9913 1426
9914 509
9915 2799
9916 5102
9917 1163
9918 14886
9919 5544
9920 32757
9921 921
9922 4657
9923 256
9924 3184
9925 1967
9926 1830
9927 1526
9928 8668
9929 255
9930 5283
9931 254
9932 4905
9933 14504
9934 533
9935 1251
9936 35337
9937 1521
9938 547
9939 855
9940 17357
9941 267
9942 1324
9943 1139
9944 8586
9945 28194
9946 393
9947 3231
9948 2941
9949 286
9950 3522
9951 3294
9952 5664
9953 1001
9954 12054
9955 4052
9956 4768
9957 691
9958 2172
9959 1420
9960 19908
9961 1297
9962 2169
9963 4555
9964 4691
9965 949
9966 6121
9967 302
9968 14951
9969 811
9970 1737
9971 2439
9972 6205
9973 292
9974 410
9975 26338
9976 8564
9977 1157
9978 1278
9979 1105
9980 4199
9981 1476
9982 10547
9983 1440
9984 39896
9985 1253
9986 572
9987 744
9988 4847
9989 945
9990 18201
9991 1091
9992 2053
9993 678
9994 2129
9995 970
9996 26048
9997 1275
9998 452
9999 7253
10000 14776
