2 1
3 4
4 3
5 7
6 15
7 13
8 15
9 26
10 29
11 19
12 40
13 21
14 41
15 82
16 61
17 28
18 77
19 28
20 83
21 95
22 62
23 45
24 141
25 80
26 70
27 83
28 115
29 35
30 216
31 43
32 175
33 143
34 79
35 171
36 213
37 48
38 87
39 171
40 264
41 55
42 286
43 44
44 175
45 295
46 108
47 78
48 442
49 138
50 208
51 165
52 195
53 54
54 250
55 243
56 368
57 203
58 113
59 71
60 576
61 71
62 119
63 422
64 414
65 254
66 363
67 56
68 229
69 188
70 502
71 86
72 597
73 85
74 135
75 380
76 255
77 285
78 440
79 92
80 821
81 294
82 153
83 86
84 777
85 310
86 138
87 248
88 497
89 79
90 811
91 295
92 287
93 228
94 162
95 398
96 1078
97 116
98 323
99 500
100 543
101 77
102 469
103 82
104 540
105 1010
106 146
107 81
108 688
109 82
110 660
111 312
112 1052
113 102
114 529
115 341
116 342
117 549
118 196
119 520
120 1524
121 258
122 191
123 268
124 349
125 249
126 1040
127 95
128 825
129 300
130 698
131 96
132 1014
133 385
134 170
135 879
136 658
137 93
138 566
139 104
140 1366
141 320
142 203
143 550
144 1779
145 498
146 196
147 560
148 369
149 85
150 1026
151 96
152 684
153 630
154 804
155 405
156 1143
157 109
158 209
159 409
160 1930
161 527
162 681
163 102
164 426
165 1280
166 223
167 154
168 1988
169 284
170 867
171 652
172 420
173 106
174 623
175 921
176 1456
177 378
178 214
179 128
180 2170
181 124
182 898
183 333
184 760
185 408
186 599
187 444
188 430
189 1006
190 890
191 160
192 2208
193 150
194 226
195 1368
196 851
197 102
198 1364
199 122
200 1422
201 374
202 214
203 483
204 1292
205 440
206 219
207 783
208 1530
209 518
210 2554
211 101
212 446
213 311
214 218
215 534
216 1822
217 583
218 232
219 365
220 1798
221 536
222 746
223 160
224 2498
225 1618
226 244
227 126
228 1390
229 120
230 915
231 1598
232 861
233 118
234 1428
235 465
236 511
237 378
238 1172
239 231
240 4134
241 223
242 566
243 538
244 517
245 951
246 697
247 532
248 912
249 383
250 717
251 141
252 2787
253 595
254 245
255 1666
256 1567
257 135
258 746
259 536
260 1974
261 843
262 260
263 180
264 2641
265 621
266 1095
267 361
268 509
269 117
270 2244
271 135
272 1778
273 1848
274 247
275 1113
276 1563
277 141
278 278
279 1066
280 3460
281 179
282 844
283 129
284 581
285 1652
286 1268
287 773
288 3900
289 371
290 1102
291 384
292 530
293 121
294 1479
295 498
296 964
297 1337
298 241
299 636
300 2797
301 601
302 257
303 451
304 1941
305 564
306 1695
307 134
308 2288
309 428
310 1128
311 186
312 2926
313 177
314 282
315 3315
316 576
317 141
318 859
319 714
320 3833
321 534
322 1228
323 633
324 1739
325 1140
326 255
327 410
328 1007
329 602
330 3195
331 127
332 587
333 899
334 326
335 809
336 5380
337 246
338 658
339 472
340 2291
341 634
342 1757
343 470
344 1055
345 1720
346 260
347 141
348 1689
349 141
350 2297
351 1667
352 3223
353 168
354 891
355 587
356 644
357 1930
358 331
359 250
360 5586
361 456
362 345
363 1001
364 2543
365 613
366 880
367 161
368 2074
369 985
370 1113
371 610
372 1707
373 151
374 1214
375 1267
376 1061
377 604
378 2700
379 136
380 2325
381 460
382 300
383 204
384 4139
385 3020
386 296
387 911
388 611
389 131
390 3523
391 716
392 2152
393 483
394 288
395 640
396 3687
397 170
398 307
399 2342
400 3884
401 192
402 911
403 649
404 628
405 1908
406 1304
407 792
408 3235
409 189
410 1214
411 440
412 637
413 628
414 1913
415 686
416 3667
417 565
418 1463
419 214
420 6698
421 201
422 316
423 1004
424 1191
425 1277
426 846
427 614
428 637
429 2131
430 1278
431 221
432 4721
433 227
434 1388
435 1922
436 678
437 699
438 974
439 205
440 4449
441 2360
442 1463
443 164
444 1967
445 657
446 338
447 594
448 4889
449 195
450 3743
451 696
452 664
453 446
454 317
455 3193
456 3451
457 208
458 317
459 1634
460 2572
461 152
462 4110
463 165
464 2352
465 2049
466 304
467 182
468 3933
469 708
470 1265
471 499
472 1263
473 695
474 957
475 1474
476 2992
477 1182
478 421
479 338
480 9434
481 1111
482 410
483 2265
484 1446
485 654
486 1324
487 148
488 1202
489 493
490 2483
491 156
492 1910
493 691
494 1408
495 4329
496 2334
497 743
498 960
499 161
500 1989
501 523
502 362
503 263
504 6832
505 906
506 1584
507 1057
508 714
509 145
510 3944
511 763
512 2504
513 1771
514 311
515 641
516 2035
517 802
518 1477
519 630
520 4802
521 213
522 2181
523 169
524 753
525 4144
526 378
527 1036
528 6970
529 522
530 1488
531 1135
532 3017
533 738
534 971
535 670
536 1331
537 537
538 321
539 1670
540 5947
541 203
542 350
543 581
544 4039
545 731
546 4496
547 154
548 707
549 1023
550 2868
551 898
552 3750
553 876
554 347
555 2124
556 759
557 184
558 2398
559 1002
560 9010
561 3149
562 378
563 193
564 2173
565 692
566 322
567 2505
568 1316
569 165
570 4136
571 174
572 3235
573 554
574 1643
575 1930
576 7862
577 264
578 756
579 545
580 2846
581 724
582 975
583 744
584 1330
585 4458
586 315
587 190
588 4023
589 793
590 1340
591 544
592 2525
593 177
594 3420
595 2988
596 744
597 524
598 1716
599 273
600 6725
601 269
602 1598
603 1101
604 765
605 1445
606 1051
607 207
608 4256
609 2623
610 1467
611 916
612 4628
613 212
614 376
615 2596
616 5797
617 228
618 1139
619 196
620 3055
621 1938
622 406
623 1062
624 7465
625 993
626 389
627 2512
628 770
629 733
630 8228
631 165
632 1310
633 512
634 340
635 693
636 2194
637 1690
638 1631
639 1382
640 6988
641 244
642 1137
643 180
644 3269
645 2279
646 1642
647 226
648 4238
649 930
650 3002
651 2246
652 740
653 163
654 1013
655 712
656 2736
657 1197
658 1616
659 232
660 8420
661 230
662 366
663 2592
664 1463
665 3354
666 2234
667 814
668 836
669 594
670 1679
671 1270
672 11802
673 348
674 464
675 3749
676 1718
677 198
678 1182
679 984
680 5673
681 689
682 1721
683 192
684 4771
685 772
686 1184
687 581
688 2722
689 811
690 4323
691 174
692 765
693 5164
694 359
695 867
696 4225
697 967
698 373
699 611
700 6065
701 218
702 4040
703 961
704 6366
705 2640
706 366
707 791
708 2307
709 182
710 1461
711 1199
712 1450
713 833
714 4868
715 3560
716 879
717 612
718 493
719 395
720 14070
721 1320
722 953
723 628
724 944
725 1749
726 2472
727 240
728 6181
729 1247
730 1573
731 869
732 2375
733 203
734 382
735 4987
736 4543
737 901
738 2422
739 208
740 3138
741 2788
742 1674
743 230
744 4272
745 870
746 387
747 1238
748 3526
749 799
750 3339
751 187
752 2902
753 606
754 1779
755 841
756 7498
757 229
758 396
759 3089
760 5869
761 234
762 1147
763 780
764 857
765 4959
766 390
767 1080
768 6982
769 260
770 6921
771 543
772 804
773 172
774 2287
775 1604
776 1509
777 2542
778 376
779 1017
780 9216
781 1061
782 1866
783 2321
784 5754
785 856
786 1164
787 179
788 863
789 598
790 1665
791 1120
792 8852
793 1137
794 442
795 2449
796 906
797 197
798 5425
799 1096
800 8338
801 1523
802 404
803 939
804 2412
805 3391
806 1708
807 568
808 1486
809 185
810 4891
811 188
812 3553
813 607
814 1908
815 1062
816 8519
817 1115
818 423
819 5768
820 3314
821 206
822 1137
823 177
824 1559
825 5053
826 1711
827 205
828 5214
829 235
830 1702
831 771
832 7100
833 2261
834 1316
835 934
836 4188
837 2382
838 560
839 441
840 16282
841 753
842 533
843 687
844 957
845 1733
846 2545
847 1941
848 2957
849 634
850 3319
851 910
852 2369
853 188
854 1654
855 5116
856 1499
857 172
858 5390
859 196
860 3383
861 2733
862 446
863 296
864 10421
865 1114
866 441
867 1312
868 3704
869 931
870 4815
871 877
872 1564
873 1257
874 1799
875 2630
876 2577
877 214
878 435
879 833
880 11620
881 304
882 5553
883 218
884 3928
885 2623
886 422
887 251
888 4687
889 1025
890 1642
891 3040
892 900
893 950
894 1255
895 956
896 9034
897 3407
898 452
899 1079
900 9509
901 994
902 1841
903 2732
904 1591
905 765
906 1118
907 182
908 868
909 1258
910 7623
911 299
912 8796
913 1178
914 447
915 2507
916 924
917 862
918 4334
919 252
920 6521
921 754
922 449
923 1109
924 10927
925 1974
926 439
927 1501
928 5189
929 240
930 5053
931 1895
932 937
933 634
934 458
935 4723
936 9488
937 302
938 1931
939 649
940 3517
941 202
942 1227
943 989
944 3093
945 8605
946 1795
947 203
948 2622
949 981
950 3612
951 774
952 6896
953 260
954 2744
955 876
956 1046
957 3130
958 550
959 1462
960 17536
961 762
962 2251
963 1417
964 1011
965 849
966 5532
967 215
968 3296
969 3031
970 1616
971 216
972 3605
973 874
974 378
975 5419
976 3111
977 215
978 1237
979 934
980 6782
981 1391
982 403
983 247
984 4836
985 932
986 1884
987 2789
988 3954
989 929
990 10634
991 229
992 5064
993 669
994 1807
995 803
996 2593
997 201
998 390
999 2389
1000 4758
1001 4584
1002 1274
1003 987
1004 1037
1005 2716
1006 545
1007 1467
1008 17827
1009 408
1010 2019
1011 743
1012 4260
1013 218
1014 2668
1015 3971
1016 1745
1017 1383
1018 417
1019 250
1020 10276
1021 256
1022 1906
1023 3119
1024 4159
1025 1832
1026 4315
1027 941
1028 894
1029 1925
1030 1658
1031 250
1032 4908
1033 250
1034 1998
1035 5815
1036 3979
1037 1055
1038 1419
1039 319
1040 12714
1041 903
1042 472
1043 1018
1044 5739
1045 4346
1046 409
1047 635
1048 1705
1049 204
1050 10118
1051 191
1052 980
1053 3437
1054 2213
1055 1241
1056 14968
1057 1350
1058 1039
1059 713
1060 3831
1061 240
1062 2895
1063 261
1064 7259
1065 2974
1066 2003
1067 1043
1068 2685
1069 217
1070 1699
1071 6569
1072 3235
1073 975
1074 1271
1075 1874
1076 977
1077 667
1078 4329
1079 1433
1080 14077
1081 1428
1082 518
1083 1465
1084 1060
1085 4001
1086 1350
1087 271
1088 7953
1089 3311
1090 1853
1091 276
1092 11798
1093 265
1094 441
1095 2757
1096 1818
1097 211
1098 2754
1099 979
1100 7733
1101 727
1102 2134
1103 314
1104 9751
1105 4946
1106 2000
1107 2235
1108 945
1109 211
1110 5130
1111 952
1112 1737
1113 3018
1114 436
1115 947
1116 6030
1117 261
1118 2292
1119 1046
1120 19681
1121 1409
1122 6847
1123 248
1124 1024
1125 4239
1126 440
1127 2346
1128 4958
1129 263
1130 1739
1131 3010
1132 915
1133 918
1134 6085
1135 883
1136 3383
1137 685
1138 440
1139 1109
1140 11008
1141 1096
1142 482
1143 1671
1144 8066
1145 1012
1146 1376
1147 1052
1148 4313
1149 733
1150 4192
1151 364
1152 13987
1153 344
1154 496
1155 12253
1156 2041
1157 1004
1158 1322
1159 1144
1160 6701
1161 2533
1162 1881
1163 209
1164 2682
1165 850
1166 1905
1167 664
1168 3234
1169 979
1170 11050
1171 202
1172 948
1173 3016
1174 475
1175 2332
1176 9675
1177 1254
1178 2099
1179 1465
1180 3773
1181 230
1182 1352
1183 2121
1184 5603
1185 2926
1186 442
1187 260
1188 9319
1189 1056
1190 8052
1191 680
1192 1832
1193 211
1194 1290
1195 915
1196 4575
1197 6865
1198 565
1199 1572
1200 17650
1201 416
1202 561
1203 747
1204 4258
1205 923
1206 2784
1207 1024
1208 1793
1209 3140
1210 3629
1211 932
1212 2817
1213 242
1214 450
1215 4288
1216 7991
1217 276
1218 6203
1219 1045
1220 3900
1221 3428
1222 2259
1223 341
1224 10860
1225 4662
1226 510
1227 685
1228 1091
1229 220
1230 6011
1231 322
1232 14565
1233 1883
1234 499
1235 4756
1236 3020
1237 243
1238 465
1239 3501
1240 7091
1241 1193
1242 4837
1243 1052
1244 1082
1245 2884
1246 2260
1247 1419
1248 15961
1249 381
1250 2127
1251 1506
1252 1041
1253 974
1254 6253
1255 912
1256 1952
1257 730
1258 2223
1259 333
1260 21640
1261 1363
1262 504
1263 726
1264 3648
1265 4383
1266 1269
1267 944
1268 977
1269 2262
1270 1791
1271 1181
1272 5201
1273 1122
1274 4266
1275 6083
1276 4537
1277 237
1278 3088
1279 304
1280 11887
1281 3651
1282 470
1283 237
1284 3019
1285 941
1286 447
1287 7573
1288 7913
1289 275
1290 5776
1291 238
1292 4591
1293 705
1294 492
1295 4955
1296 11017
1297 322
1298 2277
1299 743
1300 8128
1301 225
1302 6007
1303 212
1304 1779
1305 5846
1306 411
1307 244
1308 2865
1309 4963
1310 1823
1311 3522
1312 5766
1313 1105
1314 2992
1315 1017
1316 4515
1317 814
1318 609
1319 457
1320 20196
1321 444
1322 593
1323 4985
1324 1105
1325 2042
1326 6510
1327 239
1328 3538
1329 740
1330 8442
1331 870
1332 5997
1333 1023
1334 2074
1335 2828
1336 1838
1337 1042
1338 1389
1339 1040
1340 4186
1341 1630
1342 2536
1343 1683
1344 22183
1345 1483
1346 602
1347 755
1348 1129
1349 1095
1350 8974
1351 1126
1352 3840
1353 3407
1354 450
1355 924
1356 3086
1357 1147
1358 2208
1359 1961
1360 14145
1361 343
1362 1587
1363 1172
1364 4829
1365 13332
1366 510
1367 345
1368 11463
1369 628
1370 2012
1371 753
1372 3288
1373 240
1374 1408
1375 3385
1376 6024
1377 3929
1378 2185
1379 1101
1380 11568
1381 289
1382 456
1383 662
1384 1866
1385 891
1386 12793
1387 1004
1388 1004
1389 655
1390 1978
1391 1328
1392 10338
1393 1324
1394 2306
1395 6244
1396 1102
1397 1085
1398 1525
1399 343
1400 14620
1401 983
1402 543
1403 1314
1404 10553
1405 1093
1406 2359
1407 3782
1408 11202
1409 284
1410 5953
1411 1093
1412 1042
1413 1488
1414 2039
1415 1072
1416 5355
1417 1170
1418 441
1419 3373
1420 4000
1421 2177
1422 2967
1423 250
1424 3698
1425 6380
1426 2219
1427 277
1428 12875
1429 282
1430 9079
1431 2667
1432 1990
1433 239
1434 1377
1435 4445
1436 1193
1437 856
1438 654
1439 542
1440 30028
1441 1869
1442 2634
1443 3892
1444 2359
1445 2146
1446 1409
1447 253
1448 2001
1449 7332
1450 4193
1451 262
1452 6363
1453 274
1454 523
1455 3709
1456 15725
1457 1374
1458 2837
1459 262
1460 4166
1461 718
1462 2238
1463 5341
1464 5507
1465 1080
1466 461
1467 1463
1468 1046
1469 1063
1470 11515
1471 275
1472 8553
1473 791
1474 2215
1475 2122
1476 6445
1477 1099
1478 499
1479 3819
1480 7554
1481 291
1482 7067
1483 234
1484 4571
1485 10585
1486 509
1487 329
1488 10734
1489 320
1490 2026
1491 3136
1492 1085
1493 249
1494 3078
1495 4873
1496 8709
1497 831
1498 2178
1499 279
1500 9065
1501 1232
1502 487
1503 1702
1504 6219
1505 4717
1506 1461
1507 1088
1508 5027
1509 813
1510 2200
1511 416
1512 17872
1513 1512
1514 582
1515 3181
1516 1214
1517 1163
1518 7339
1519 2821
1520 14506
1521 3956
1522 504
1523 251
1524 3075
1525 2025
1526 2005
1527 670
1528 1882
1529 1050
1530 12226
1531 224
1532 1056
1533 3150
1534 2369
1535 1231
1536 11753
1537 1350
1538 533
1539 4268
1540 17873
1541 1191
1542 1463
1543 246
1544 1971
1545 2959
1546 456
1547 5316
1548 6488
1549 254
1550 4152
1551 3621
1552 3744
1553 233
1554 6505
1555 991
1556 1155
1557 1645
1558 2671
1559 475
1560 22029
1561 1646
1562 2709
1563 861
1564 5218
1565 1096
1566 5508
1567 308
1568 12124
1569 919
1570 2056
1571 241
1572 3145
1573 2637
1574 434
1575 13053
1576 1957
1577 1114
1578 1448
1579 257
1580 4388
1581 3644
1582 2538
1583 437
1584 22384
1585 1474
1586 2630
1587 1597
1588 1154
1589 1044
1590 5892
1591 1131
1592 2085
1593 2626
1594 503
1595 5330
1596 13772
1597 318
1598 2504
1599 4353
1600 16217
1601 332
1602 3302
1603 1075
1604 1123
1605 2987
1606 2320
1607 264
1608 5717
1609 279
1610 8864
1611 1560
1612 4845
1613 253
1614 1392
1615 5063
1616 3930
1617 7197
1618 488
1619 289
1620 13254
1621 311
1622 512
1623 881
1624 8897
1625 3705
1626 1532
1627 268
1628 5094
1629 1693
1630 2275
1631 1570
1632 18018
1633 1604
1634 2543
1635 3125
1636 1167
1637 248
1638 14234
1639 1224
1640 7656
1641 834
1642 469
1643 1134
1644 3110
1645 4318
1646 457
1647 2594
1648 3784
1649 1252
1650 12606
1651 1106
1652 4689
1653 3740
1654 529
1655 1314
1656 12197
1657 350
1658 525
1659 3479
1660 4494
1661 1177
1662 1625
1663 319
1664 12166
1665 7399
1666 5078
1667 256
1668 3406
1669 260
1670 2167
1671 976
1672 9427
1673 1441
1674 5673
1675 2523
1676 1448
1677 4279
1678 839
1679 2306
1680 39819
1681 1163
1682 1474
1683 8484
1684 1325
1685 1153
1686 1548
1687 1261
1688 2109
1689 832
1690 4293
1691 1146
1692 6734
1693 249
1694 4718
1695 3312
1696 6409
1697 269
1698 1547
1699 276
1700 9102
1701 4953
1702 2412
1703 1311
1704 6012
1705 5259
1706 496
1707 736
1708 4706
1709 227
1710 12990
1711 1161
1712 3971
1713 785
1714 502
1715 3544
1716 14588
1717 1311
1718 522
1719 1827
1720 8160
1721 298
1722 6878
1723 242
1724 1237
1725 6747
1726 558
1727 1625
1728 19520
1729 6549
1730 2264
1731 767
1732 1225
1733 246
1734 3215
1735 1138
1736 9046
1737 1808
1738 2429
1739 1354
1740 12885
1741 299
1742 2377
1743 3488
1744 3997
1745 1012
1746 3146
1747 261
1748 5057
1749 3752
1750 6751
1751 1325
1752 5950
1753 300
1754 513
1755 11267
1756 1216
1757 1154
1758 1747
1759 419
1760 25277
1761 1176
1762 626
1763 1394
1764 14092
1765 1229
1766 563
1767 4156
1768 9539
1769 1286
1770 6419
1771 5407
1772 1169
1773 1599
1774 547
1775 2627
1776 11331
1777 339
1778 2347
1779 741
1780 4365
1781 1122
1782 7484
1783 256
1784 1971
1785 14077
1786 2301
1787 221
1788 3229
1789 263
1790 2098
1791 1981
1792 14648
1793 1306
1794 7744
1795 1107
1796 1304
1797 822
1798 2724
1799 1667
1800 22298
1801 459
1802 2641
1803 845
1804 5292
1805 2382
1806 6847
1807 1175
1808 3908
1809 2696
1810 1947
1811 249
1812 3236
1813 2319
1814 465
1815 6534
1816 2095
1817 1267
1818 3363
1819 1309
1820 19692
1821 972
1822 634
1823 443
1824 19432
1825 2900
1826 2644
1827 7745
1828 1202
1829 1144
1830 6187
1831 247
1832 2144
1833 3787
1834 2287
1835 1091
1836 11614
1837 1427
1838 586
1839 1080
1840 16339
1841 1502
1842 1779
1843 1317
1844 1359
1845 7391
1846 2899
1847 490
1848 25640
1849 881
1850 5098
1851 873
1852 1305
1853 1179
1854 3463
1855 5238
1856 9821
1857 945
1858 558
1859 3114
1860 13233
1861 320
1862 5020
1863 4125
1864 2161
1865 991
1866 1512
1867 252
1868 1224
1869 3551
1870 11014
1871 443
1872 24234
1873 453
1874 655
1875 3590
1876 5113
1877 273
1878 1595
1879 286
1880 8278
1881 8585
1882 487
1883 1142
1884 3341
1885 5117
1886 2394
1887 3919
1888 6485
1889 301
1890 20727
1891 1167
1892 5037
1893 727
1894 506
1895 1147
1896 6203
1897 1284
1898 2521
1899 1763
1900 9638
1901 312
1902 1757
1903 1421
1904 17650
1905 3973
1906 582
1907 310
1908 7190
1909 1260
1910 2060
1911 7591
1912 2186
1913 258
1914 7142
1915 1080
1916 1304
1917 2861
1918 2771
1919 1962
1920 30944
1921 1970
1922 1355
1923 941
1924 5511
1925 10450
1926 3275
1927 1256
1928 2193
1929 817
1930 2115
1931 300
1932 14538
1933 304
1934 553
1935 7346
1936 8511
1937 1237
1938 7547
1939 1111
1940 4505
1941 776
1942 508
1943 1313
1944 8432
1945 1175
1946 2232
1947 3510
1948 1115
1949 247
1950 13197
1951 288
1952 6436
1953 7999
1954 503
1955 5069
1956 3355
1957 1227
1958 2436
1959 1011
1960 15947
1961 1401
1962 3515
1963 1206
1964 1218
1965 3216
1966 545
1967 1454
1968 11972
1969 1533
1970 2238
1971 2807
1972 5479
1973 279
1974 7361
1975 2560
1976 10216
1977 973
1978 2724
1979 399
1980 28097
1981 1442
1982 599
1983 927
1984 10240
1985 1198
1986 1586
1987 263
1988 5084
1989 8284
1990 2089
1991 1379
1992 6105
1993 304
1994 491
1995 14239
1996 1141
1997 245
1998 5640
1999 318
2000 11644
2001 4223
2002 11151
2003 253
2004 3280
2005 1009
2006 2410
2007 1718
2008 2148
2009 2680
2010 6280
2011 279
2012 1309
2013 4045
2014 2959
2015 7333
2016 37512
2017 580
2018 734
2019 983
2020 5035
2021 1316
2022 1711
2023 3063
2024 9910
2025 8245
2026 555
2027 294
2028 7121
2029 277
2030 9893
2031 851
2032 4133
2033 1197
2034 3388
2035 5086
2036 1256
2037 3685
2038 641
2039 475
2040 24068
2041 1793
2042 653
2043 1919
2044 5295
2045 1140
2046 7518
2047 1290
2048 6331
2049 849
2050 4646
2051 1200
2052 11587
2053 325
2054 2411
2055 3214
2056 2128
2057 2649
2058 4929
2059 1212
2060 4590
2061 1687
2062 541
2063 363
2064 12077
2065 5536
2066 560
2067 4112
2068 5432
2069 267
2070 14349
2071 1357
2072 9336
2073 927
2074 2565
2075 2459
2076 3688
2077 1339
2078 638
2079 15554
2080 26515
2081 417
2082 1833
2083 301
2084 1326
2085 3422
2086 2484
2087 359
2088 13243
2089 354
2090 10813
2091 3762
2092 1198
2093 5644
2094 1555
2095 1080
2096 4391
2097 1841
2098 572
2099 371
2100 26554
2101 1602
2102 561
2103 863
2104 2386
2105 1124
2106 8326
2107 2627
2108 5819
2109 4328
2110 2560
2111 500
2112 28447
2113 492
2114 2753
2115 7441
2116 2694
2117 1312
2118 1698
2119 1380
2120 8863
2121 4089
2122 551
2123 1411
2124 7573
2125 4007
2126 596
2127 1064
2128 18367
2129 376
2130 7026
2131 289
2132 5503
2133 2909
2134 2507
2135 5311
2136 6294
2137 319
2138 508
2139 3642
2140 4587
2141 261
2142 15536
2143 277
2144 6766
2145 16056
2146 2444
2147 1239
2148 3387
2149 1108
2150 4576
2151 1725
2152 2236
2153 253
2154 1601
2155 1206
2156 11222
2157 1016
2158 3174
2159 2069
2160 35158
2161 590
2162 3061
2163 3852
2164 1317
2165 1114
2166 3387
2167 1196
2168 2242
2169 1734
2170 9883
2171 1324
2172 3486
2173 1250
2174 549
2175 7959
2176 13427
2177 1414
2178 7691
2179 306
2180 5046
2181 940
2182 675
2183 1866
2184 27208
2185 7187
2186 686
2187 1986
2188 1283
2189 1264
2190 6730
2191 1332
2192 4345
2193 4050
2194 526
2195 1145
2196 7589
2197 1076
2198 2600
2199 1109
2200 18241
2201 1578
2202 1843
2203 316
2204 5938
2205 15153
2206 641
2207 435
2208 20469
2209 856
2210 11519
2211 4121
2212 5387
2213 262
2214 5630
2215 1083
2216 2255
2217 817
2218 524
2219 1287
2220 13783
2221 323
2222 2489
2223 8484
2224 4334
2225 2367
2226 7312
2227 1215
2228 1236
2229 814
2230 2317
2231 1699
2232 13903
2233 6888
2234 604
2235 3741
2236 6013
2237 338
2238 2057
2239 507
2240 38057
2241 4251
2242 3072
2243 369
2244 17044
2245 1263
2246 586
2247 3890
2248 2305
2249 1261
2250 10233
2251 245
2252 1203
2253 791
2254 5361
2255 6062
2256 12292
2257 1474
2258 567
2259 1737
2260 4749
2261 6013
2262 7706
2263 1251
2264 2227
2265 3323
2266 2498
2267 329
2268 16133
2269 333
2270 2259
2271 921
2272 7100
2273 304
2274 1639
2275 11232
2276 1329
2277 8950
2278 2864
2279 1847
2280 25323
2281 496
2282 2791
2283 928
2284 1416
2285 1230
2286 3804
2287 379
2288 19704
2289 4447
2290 2419
2291 1393
2292 3767
2293 291
2294 2638
2295 13084
2296 9779
2297 353
2298 1772
2299 3079
2300 10582
2301 4424
2302 638
2303 3386
2304 22935
2305 1500
2306 621
2307 785
2308 1306
2309 245
2310 29216
2311 265
2312 4596
2313 1777
2314 2543
2315 1085
2316 3573
2317 1206
2318 2683
2319 1024
2320 16937
2321 1468
2322 6106
2323 1329
2324 5226
2325 7325
2326 543
2327 1454
2328 6525
2329 1387
2330 2198
2331 7983
2332 5511
2333 277
2334 1602
2335 1153
2336 7379
2337 4325
2338 2613
2339 379
2340 29342
2341 376
2342 596
2343 3990
2344 2421
2345 5055
2346 7788
2347 289
2348 1321
2349 4575
2350 5366
2351 479
2352 24499
2353 1842
2354 2842
2355 3644
2356 5933
2357 295
2358 3641
2359 1355
2360 8896
2361 932
2362 554
2363 1277
2364 3614
2365 5512
2366 5193
2367 2012
2368 10328
2369 1399
2370 6867
2371 287
2372 1340
2373 3808
2374 647
2375 4996
2376 22741
2377 479
2378 2909
2379 4635
2380 21797
2381 334
2382 1812
2383 283
2384 4545
2385 7510
2386 521
2387 5885
2388 3661
2389 282
2390 2265
2391 1002
2392 10456
2393 315
2394 16630
2395 1217
2396 1502
2397 4332
2398 3171
2399 580
2400 36527
2401 2074
2402 759
2403 3190
2404 1456
2405 5618
2406 1747
2407 1443
2408 9907
2409 4324
2410 2265
2411 311
2412 7566
2413 1288
2414 2581
2415 15934
2416 4396
2417 290
2418 7938
2419 1311
2420 9940
2421 1802
2422 2449
2423 306
2424 6545
2425 2618
2426 549
2427 811
2428 1247
2429 1217
2430 9903
2431 6896
2432 14142
2433 987
2434 620
2435 1288
2436 16195
2437 334
2438 2764
2439 2109
2440 9415
2441 345
2442 8340
2443 1263
2444 6032
2445 3755
2446 699
2447 488
2448 27178
2449 1870
2450 10637
2451 4176
2452 1342
2453 1337
2454 1630
2455 1125
2456 2430
2457 13992
2458 577
2459 343
2460 15030
2461 1593
2462 682
2463 1256
2464 31213
2465 6872
2466 4023
2467 295
2468 1300
2469 809
2470 11313
2471 1478
2472 6676
2473 323
2474 558
2475 16263
2476 1261
2477 286
2478 8047
2479 1505
2480 17668
2481 1059
2482 2836
2483 1553
2484 12861
2485 5328
2486 2615
2487 893
2488 2409
2489 1304
2490 6934
2491 1333
2492 5793
2493 2064
2494 3013
2495 1765
2496 30404
2497 1862
2498 679
2499 8496
2500 5552
2501 1336
2502 3632
2503 277
2504 2434
2505 3536
2506 2632
2507 1434
2508 17011
2509 1526
2510 2416
2511 4976
2512 4782
2513 1553
2514 1818
2515 1324
2516 6404
2517 1120
2518 876
2519 2460
2520 51105
2521 693
2522 3495
2523 2168
2524 1537
2525 2719
2526 1784
2527 2999
2528 7302
2529 2020
2530 11063
2531 276
2532 3586
2533 1212
2534 2434
2535 7149
2536 2203
2537 1222
2538 5841
2539 276
2540 4934
2541 8156
2542 2731
2543 361
2544 13030
2545 1443
2546 2795
2547 1993
2548 11557
2549 308
2550 15453
2551 352
2552 10739
2553 4518
2554 568
2555 5338
2556 7989
2557 306
2558 590
2559 1056
2560 18608
2561 1482
2562 7969
2563 1274
2564 1288
2565 12340
2566 522
2567 1437
2568 6551
2569 1460
2570 2305
2571 793
2572 1272
2573 1323
2574 18083
2575 2866
2576 19700
2577 1117
2578 632
2579 358
2580 15139
2581 1462
2582 605
2583 9189
2584 11072
2585 5843
2586 1735
2587 1325
2588 1434
2589 866
2590 11369
2591 467
2592 22909
2593 441
2594 654
2595 3845
2596 6295
2597 2870
2598 1892
2599 1658
2600 19783
2601 4722
2602 655
2603 1503
2604 16494
2605 1296
2606 576
2607 4242
2608 4509
2609 287
2610 14601
2611 1153
2612 1200
2613 4008
2614 554
2615 1282
2616 6595
2617 307
2618 12445
2619 2918
2620 5004
2621 305
2622 8513
2623 1394
2624 10700
2625 12488
2626 2726
2627 1393
2628 7924
2629 1623
2630 2431
2631 1063
2632 10490
2633 327
2634 1871
2635 6201
2636 1601
2637 2127
2638 877
2639 9123
2640 49824
2641 2422
2642 867
2643 1095
2644 1540
2645 2679
2646 12220
2647 276
2648 2579
2649 958
2650 5255
2651 1678
2652 17560
2653 1368
2654 601
2655 8208
2656 7897
2657 304
2658 1889
2659 327
2660 22864
2661 1047
2662 2195
2663 392
2664 15099
2665 6457
2666 2785
2667 3993
2668 5972
2669 1345
2670 7014
2671 284
2672 4525
2673 5885
2674 2457
2675 2481
2676 3737
2677 285
2678 2633
2679 4698
2680 9466
2681 1453
2682 3855
2683 308
2684 6381
2685 3973
2686 3225
2687 569
2688 38550
2689 564
2690 2784
2691 9367
2692 1437
2693 325
2694 1650
2695 11528
2696 2481
2697 4244
2698 2769
2699 393
2700 23131
2701 1534
2702 2669
2703 4697
2704 9639
2705 1211
2706 8052
2707 293
2708 1253
2709 8225
2710 2289
2711 311
2712 6892
2713 323
2714 2794
2715 3697
2716 5694
2717 6979
2718 4133
2719 438
2720 29335
2721 1238
2722 648
2723 1347
2724 3984
2725 2650
2726 2792
2727 3382
2728 11051
2729 337
2730 32009
2731 283
2732 1420
2733 923
2734 712
2735 1655
2736 28107
2737 8372
2738 1382
2739 4413
2740 5283
2741 311
2742 1784
2743 1369
2744 7485
2745 8042
2746 553
2747 1280
2748 3810
2749 288
2750 8327
2751 4215
2752 10963
2753 360
2754 9338
2755 6442
2756 6125
2757 987
2758 2905
2759 1949
2760 27387
2761 2035
2762 710
2763 1977
2764 1412
2765 5341
2766 1716
2767 302
2768 4821
2769 4366
2770 2498
2771 1595
2772 34067
2773 1696
2774 2823
2775 8001
2776 2498
2777 275
2778 1686
2779 1297
2780 5315
2781 3272
2782 3001
2783 3787
2784 21966
2785 1547
2786 2820
2787 913
2788 6184
2789 286
2790 15458
2791 296
2792 2480
2793 8580
2794 2672
2795 5890
2796 4032
2797 333
2798 697
2799 2810
2800 35770
2801 491
2802 2144
2803 321
2804 1610
2805 18650
2806 3197
2807 1822
2808 24415
2809 870
2810 2689
2811 996
2812 6406
2813 1475
2814 8539
2815 1405
2816 18897
2817 2278
2818 621
2819 364
2820 15355
2821 6643
2822 2807
2823 851
2824 2399
2825 2524
2826 3639
2827 1309
2828 5602
2829 4107
2830 2419
2831 1633
2832 13197
2833 371
2834 2821
2835 17096
2836 1311
2837 312
2838 8276
2839 1517
2840 9258
2841 942
2842 5628
2843 309
2844 8171
2845 1199
2846 584
2847 4516
2848 7730
2849 6581
2850 15844
2851 318
2852 6405
2853 2154
2854 749
2855 1818
2856 31284
2857 511
2858 765
2859 1129
2860 24695
2861 354
2862 6645
2863 1441
2864 4791
2865 3759
2866 553
2867 1392
2868 3827
2869 1287
2870 10779
2871 9275
2872 2471
2873 3079
2874 1789
2875 4425
2876 1541
2877 4357
2878 845
2879 711
2880 55917
2881 2305
2882 3491
2883 2251
2884 6288
2885 1373
2886 8870
2887 309
2888 5143
2889 3277
2890 5090
2891 2723
2892 3776
2893 1335
2894 558
2895 3598
2896 4626
2897 295
2898 17383
2899 1435
2900 10985
2901 905
2902 632
2903 401
2904 14545
2905 6273
2906 625
2907 9324
2908 1453
2909 323
2910 7998
2911 1843
2912 33075
2913 1298
2914 3029
2915 6185
2916 7338
2917 299
2918 584
2919 4482
2920 9650
2921 1511
2922 1786
2923 1402
2924 6185
2925 17557
2926 12831
2927 392
2928 13461
2929 1553
2930 2425
2931 833
2932 1295
2933 1225
2934 3624
2935 1166
2936 2517
2937 4142
2938 2941
2939 403
2940 29788
2941 1666
2942 683
2943 3616
2944 15603
2945 6482
2946 1837
2947 1342
2948 6147
2949 925
2950 5370
2951 1745
2952 15077
2953 386
2954 2754
2955 3636
2956 1440
2957 324
2958 9098
2959 1627
2960 19120
2961 10093
2962 668
2963 370
2964 18569
2965 1339
2966 648
2967 4751
2968 10870
2969 335
2970 25801
2971 294
2972 1415
2973 908
2974 659
2975 13869
2976 22255
2977 1773
2978 664
2979 1943
2980 5250
2981 1364
2982 7755
2983 1359
2984 2430
2985 3494
2986 572
2987 1401
2988 8253
2989 2926
2990 12062
2991 1150
2992 21791
2993 1656
2994 1916
2995 1270
2996 5992
2997 4997
2998 680
2999 459
3000 20553
3001 461
3002 3003
3003 19712
3004 1412
3005 1167
3006 3843
3007 1537
3008 11166
3009 4721
3010 11160
3011 322
3012 3923
3013 1408
3014 2794
3015 8627
3016 11493
3017 1545
3018 1920
3019 318
3020 5705
3021 5082
3022 824
3023 614
3024 43779
3025 7496
3026 3314
3027 1032
3028 1518
3029 1368
3030 7384
3031 1482
3032 2671
3033 2033
3034 2931
3035 1378
3036 18674
3037 384
3038 6417
3039 1306
3040 31173
3041 452
3042 8785
3043 1494
3044 1426
3045 16914
3046 586
3047 1523
3048 7207
3049 332
3050 5211
3051 3203
3052 5768
3053 1342
3054 1711
3055 5981
3056 4955
3057 947
3058 2910
3059 7377
3060 32568
3061 400
3062 628
3063 909
3064 2558
3065 1234
3066 8001
3067 303
3068 6380
3069 9884
3070 2638
3071 1804
3072 17829
3073 1763
3074 2986
3075 8360
3076 1583
3077 1559
3078 10588
3079 521
3080 41317
3081 5995
3082 3168
3083 333
3084 4169
3085 1262
3086 585
3087 6784
3088 4725
3089 308
3090 7258
3091 1409
3092 1344
3093 879
3094 13677
3095 1515
3096 15114
3097 1648
3098 654
3099 944
3100 11451
3101 1351
3102 8954
3103 1454
3104 8130
3105 14496
3106 608
3107 1798
3108 17422
3109 353
3110 2537
3111 4523
3112 2723
3113 1458
3114 3990
3115 6023
3116 7075
3117 1160
3118 916
3119 727
3120 54935
3121 726
3122 3554
3123 2355
3124 7198
3125 2045
3126 2018
3127 1626
3128 12348
3129 4715
3130 2688
3131 1553
3132 14354
3133 1848
3134 670
3135 20637
3136 22669
3137 403
3138 1945
3139 1426
3140 5385
3141 1975
3142 574
3143 1449
3144 6977
3145 6238
3146 6136
3147 794
3148 1259
3149 1297
3150 30888
3151 1394
3152 4589
3153 851
3154 2749
3155 1130
3156 3853
3157 6648
3158 588
3159 6828
3160 9903
3161 1538
3162 8978
3163 318
3164 6336
3165 4143
3166 806
3167 596
3168 47170
3169 591
3170 3023
3171 4394
3172 6651
3173 1571
3174 3915
3175 2668
3176 2580
3177 1971
3178 2755
3179 3323
3180 15608
3181 339
3182 2881
3183 980
3184 4938
3185 12343
3186 6453
3187 290
3188 1464
3189 993
3190 13123
3191 526
3192 31801
3193 1976
3194 789
3195 8865
3196 6777
3197 1620
3198 9665
3199 1763
3200 27909
3201 5368
3202 652
3203 340
3204 8607
3205 1207
3206 2614
3207 918
3208 2499
3209 290
3210 7273
3211 3100
3212 6285
3213 14907
3214 622
3215 1493
3216 14535
3217 410
3218 676
3219 5005
3220 24023
3221 382
3222 4140
3223 1503
3224 11717
3225 8594
3226 609
3227 1329
3228 3963
3229 298
3230 12313
3231 2067
3232 7907
3233 1424
3234 17396
3235 1222
3236 1484
3237 4566
3238 714
3239 2104
3240 30151
3241 1948
3242 749
3243 4598
3244 1587
3245 6066
3246 1970
3247 1821
3248 21257
3249 5023
3250 9090
3251 329
3252 4147
3253 310
3254 625
3255 18452
3256 11648
3257 352
3258 4041
3259 330
3260 5799
3261 1020
3262 3186
3263 2050
3264 33829
3265 1780
3266 3322
3267 7297
3268 6679
3269 1379
3270 7518
3271 315
3272 2762
3273 991
3274 669
3275 3098
3276 37236
3277 1794
3278 3131
3279 1205
3280 20111
3281 1775
3282 1953
3283 2959
3284 1409
3285 8022
3286 2843
3287 1528
3288 7296
3289 8113
3290 11066
3291 853
3292 1332
3293 1328
3294 6424
3295 1251
3296 8298
3297 4436
3298 3168
3299 414
3300 33074
3301 417
3302 3175
3303 2271
3304 11639
3305 1340
3306 9184
3307 326
3308 1504
3309 977
3310 2849
3311 8330
3312 29981
3313 538
3314 711
3315 18870
3316 1494
3317 1377
3318 8379
3319 353
3320 9978
3321 5208
3322 2864
3323 330
3324 4143
3325 12773
3326 641
3327 1101
3328 19913
3329 391
3330 16980
3331 326
3332 12927
3333 4649
3334 608
3335 7062
3336 7694
3337 1610
3338 613
3339 9314
3340 5688
3341 1464
3342 2094
3343 415
3344 23328
3345 4674
3346 3117
3347 353
3348 14402
3349 1556
3350 5758
3351 1098
3352 2885
3353 1675
3354 9437
3355 6771
3356 1852
3357 2503
3358 4191
3359 930
3360 82817
3361 923
3362 2018
3363 5620
3364 3475
3365 1573
3366 19687
3367 7204
3368 2722
3369 1008
3370 2547
3371 305
3372 4019
3373 300
3374 2823
3375 10124
3376 4954
3377 1371
3378 1880
3379 1470
3380 11576
3381 9263
3382 3032
3383 1753
3384 15947
3385 1639
3386 654
3387 987
3388 12740
3389 328
3390 7785
3391 343
3392 11851
3393 10153
3394 620
3395 5768
3396 4213
3397 1525
3398 657
3399 5141
3400 21343
3401 1779
3402 12503
3403 1505
3404 6637
3405 3962
3406 3125
3407 402
3408 14406
3409 1714
3410 12713
3411 1929
3412 1444
3413 296
3414 1870
3415 1356
3416 11470
3417 4939
3418 678
3419 1821
3420 34398
3421 1858
3422 3210
3423 4566
3424 8555
3425 2885
3426 1943
3427 1432
3428 1555
3429 3489
3430 9082
3431 2153
3432 33799
3433 529
3434 3292
3435 4107
3436 1605
3437 1417
3438 4273
3439 1753
3440 20221
3441 5475
3442 672
3443 1708
3444 18035
3445 6679
3446 635
3447 2026
3448 2638
3449 295
3450 16173
3451 6818
3452 1489
3453 971
3454 3289
3455 1722
3456 33477
3457 488
3458 14654
3459 984
3460 5723
3461 304
3462 1808
3463 288
3464 2603
3465 36918
3466 583
3467 341
3468 8660
3469 340
3470 2710
3471 5375
3472 21848
3473 1736
3474 4316
3475 3055
3476 6862
3477 4981
3478 3417
3479 4054
3480 29673
3481 1057
3482 761
3483 5217
3484 6659
3485 6236
3486 8500
3487 1489
3488 8222
3489 995
3490 2507
3491 336
3492 8639
3493 1376
3494 647
3495 4172
3496 12205
3497 1552
3498 9262
3499 350
3500 17948
3501 2165
3502 3101
3503 1768
3504 14537
3505 1473
3506 627
3507 4016
3508 1378
3509 3276
3510 26696
3511 311
3512 2545
3513 897
3514 2701
3515 6438
3516 4283
3517 354
3518 733
3519 12907
3520 45731
3521 1963
3522 2282
3523 1650
3524 1722
3525 8998
3526 3406
3527 526
3528 31288
3529 502
3530 2929
3531 4964
3532 1614
3533 341
3534 9723
3535 6568
3536 23307
3537 3973
3538 3172
3539 373
3540 16485
3541 346
3542 13675
3543 935
3544 2590
3545 1254
3546 3823
3547 299
3548 1434
3549 8975
3550 5842
3551 1840
3552 23505
3553 8475
3554 687
3555 8507
3556 6215
3557 324
3558 1868
3559 353
3560 10392
3561 1067
3562 2965
3563 1462
3564 20096
3565 6393
3566 635
3567 4573
3568 5017
3569 1424
3570 34105
3571 327
3572 6427
3573 1977
3574 569
3575 14444
3576 7538
3577 3166
3578 601
3579 898
3580 5601
3581 312
3582 4220
3583 414
3584 23606
3585 4615
3586 3056
3587 1636
3588 19838
3589 1681
3590 2677
3591 16090
3592 2831
3593 323
3594 1892
3595 1390
3596 7284
3597 5105
3598 3551
3599 2496
3600 55333
3601 2478
3602 922
3603 1203
3604 7237
3605 6264
3606 2005
3607 355
3608 12630
3609 2357
3610 5809
3611 1676
3612 18397
3613 375
3614 3106
3615 4155
3616 8298
3617 331
3618 6650
3619 6548
3620 5488
3621 4309
3622 606
3623 359
3624 7208
3625 4792
3626 5884
3627 10028
3628 1319
3629 1467
3630 15861
3631 309
3632 4979
3633 4476
3634 3066
3635 1361
3636 9178
3637 388
3638 3371
3639 1531
3640 44963
3641 2032
3642 2286
3643 371
3644 1755
3645 7799
3646 802
3647 2148
3648 35264
3649 2087
3650 6242
3651 1046
3652 6787
3653 1566
3654 18677
3655 6483
3656 2668
3657 4727
3658 3001
3659 367
3660 16351
3661 1471
3662 616
3663 9992
3664 5164
3665 1339
3666 9395
3667 1561
3668 6353
3669 1031
3670 2815
3671 478
3672 26719
3673 475
3674 3368
3675 17729
3676 1662
3677 354
3678 2189
3679 1837
3680 33357
3681 2715
3682 3151
3683 1567
3684 4469
3685 6742
3686 3003
3687 1023
3688 2842
3689 8106
3690 17486
3691 347
3692 7378
3693 1194
3694 957
3695 2347
3696 63445
3697 745
3698 1812
3699 4011
3700 13070
3701 363
3702 2041
3703 3438
3704 2877
3705 19707
3706 2987
3707 1682
3708 9076
3709 366
3710 12356
3711 1143
3712 16478
3713 1706
3714 2037
3715 1345
3716 1602
3717 9875
3718 7435
3719 539
3720 30502
3721 1021
3722 794
3723 5019
3724 13552
3725 2955
3726 10108
3727 343
3728 5153
3729 4679
3730 2508
3731 7126
3732 4253
3733 343
3734 583
3735 8537
3736 2739
3737 1467
3738 8965
3739 405
3740 27827
3741 5533
3742 879
3743 2311
3744 51764
3745 8075
3746 836
3747 1098
3748 1687
3749 1557
3750 8559
3751 3552
3752 11673
3753 3766
3754 626
3755 1305
3756 4269
3757 3471
3758 628
3759 5021
3760 20046
3761 417
3762 20573
3763 1461
3764 1433
3765 3793
3766 2804
3767 325
3768 7651
3769 340
3770 12851
3771 2111
3772 6832
3773 5003
3774 9654
3775 3057
3776 13041
3777 1156
3778 800
3779 509
3780 54215
3781 2004
3782 3358
3783 5235
3784 12966
3785 1455
3786 1907
3787 1422
3788 1511
3789 2012
3790 2720
3791 1930
3792 15088
3793 406
3794 3060
3795 19501
3796 6864
3797 344
3798 4363
3799 1828
3800 22418
3801 5209
3802 691
3803 345
3804 4574
3805 1476
3806 3202
3807 6268
3808 36679
3809 1901
3810 8634
3811 1540
3812 1580
3813 4583
3814 700
3815 6739
3816 16192
3817 1810
3818 3198
3819 4770
3820 5707
3821 312
3822 18322
3823 332
3824 5140
3825 19381
3826 645
3827 1612
3828 19154
3829 1485
3830 2590
3831 997
3832 2732
3833 324
3834 6835
3835 6497
3836 6719
3837 1165
3838 3670
3839 2452
3840 50364
3841 2516
3842 3680
3843 10015
3844 3398
3845 1375
3846 2038
3847 372
3848 12336
3849 1103
3850 25621
3851 339
3852 8894
3853 318
3854 3034
3855 3965
3856 5069
3857 7225
3858 1922
3859 1525
3860 5882
3861 17101
3862 744
3863 534
3864 33341
3865 1857
3866 756
3867 1068
3868 1640
3869 1519
3870 17410
3871 3570
3872 17638
3873 1183
3874 3181
3875 4890
3876 20151
3877 393
3878 2956
3879 2268
3880 10598
3881 359
3882 1893
3883 1427
3884 1537
3885 17799
3886 3091
3887 3977
3888 20960
3889 437
3890 2677
3891 967
3892 6273
3893 1454
3894 8855
3895 6548
3896 2780
3897 2025
3898 666
3899 1620
3900 34794
3901 1827
3902 701
3903 1044
3904 12503
3905 6433
3906 18875
3907 296
3908 1437
3909 881
3910 12936
3911 370
3912 7657
3913 7426
3914 3129
3915 14655
3916 6833
3917 368
3918 2212
3919 516
3920 39570
3921 1461
3922 3340
3923 377
3924 9235
3925 2879
3926 3016
3927 21531
3928 2685
3929 316
3930 7604
3931 328
3932 1463
3933 10502
3934 3059
3935 1756
3936 24583
3937 1914
3938 3397
3939 4951
3940 6070
3941 1470
3942 7141
3943 384
3944 12946
3945 4490
3946 717
3947 394
3948 19567
3949 1963
3950 6400
3951 2818
3952 25586
3953 1827
3954 2302
3955 6698
3956 7813
3957 1323
3958 1005
3959 2619
3960 64538
3961 2581
3962 3729
3963 1197
3964 1831
3965 6859
3966 2123
3967 450
3968 16917
3969 11375
3970 2784
3971 3637
3972 4329
3973 1515
3974 643
3975 9071
3976 11466
3977 1727
3978 20742
3979 1524
3980 5719
3981 941
3982 3185
3983 1701
3984 14618
3985 1538
3986 673
3987 2056
3988 1392
3989 294
3990 34747
3991 1448
3992 2630
3993 3340
3994 608
3995 6543
3996 15070
3997 1564
3998 701
3999 5609
4000 25407
4001 444
4002 10257
4003 403
4004 29996
4005 9429
4006 665
4007 353
4008 8099
4009 1616
4010 2605
4011 4281
4012 6777
4013 346
4014 4123
4015 6269
4016 5311
4017 4695
4018 6368
4019 347
4020 16674
4021 376
4022 639
4023 3598
4024 2801
4025 13891
4026 9416
4027 376
4028 7345
4029 5358
4030 15213
4031 2619
4032 69833
4033 2514
4034 952
4035 4533
4036 1774
4037 1603
4038 2086
4039 1710
4040 10895
4041 2420
4042 3117
4043 1504
4044 4480
4045 1357
4046 6745
4047 5410
4048 24320
4049 408
4050 19222
4051 326
4052 1581
4053 4502
4054 700
4055 1632
4056 16908
4057 424
4058 700
4059 11275
4060 26039
4061 1646
4062 2077
4063 1871
4064 8714
4065 4204
4066 3064
4067 3116
4068 9213
4069 1524
4070 12675
4071 4786
4072 2763
4073 313
4074 8762
4075 3114
4076 1667
4077 3878
4078 948
4079 758
4080 59040
4081 9961
4082 3829
4083 1240
4084 1763
4085 7366
4086 4464
4087 1658
4088 12267
4089 5353
4090 2849
4091 398
4092 20366
4093 395
4094 3229
4095 40535
4096 9537
4097 1882
4098 2047
4099 361
4100 12806
4101 1100
4102 3131
4103 1970
4104 27755
4105 1758
4106 763
4107 2231
4108 6810
4109 1420
4110 7879
4111 331
4112 5267
4113 2190
4114 6624
4115 1369
4116 13578
4117 1661
4118 3091
4119 1093
4120 10681
4121 1582
4122 4204
4123 7073
4124 1526
4125 14161
4126 719
4127 480
4128 24824
4129 464
4130 12699
4131 6934
4132 1595
4133 351
4134 9806
4135 1474
4136 13192
4137 4911
4138 745
4139 468
4140 37452
4141 1859
4142 3503
4143 1287
4144 23718
4145 1595
4146 2107
4147 8071
4148 7078
4149 2121
4150 5975
4151 1658
4152 8070
4153 354
4154 3157
4155 4132
4156 1643
4157 347
4158 34034
4159 539
4160 48812
4161 6297
4162 761
4163 1742
4164 4553
4165 12979
4166 619
4167 2098
4168 2781
4169 1522
4170 8050
4171 1580
4172 6611
4173 5261
4174 777
4175 3950
4176 33508
4177 556
4178 793
4179 5041
4180 28083
4181 1695
4182 9748
4183 1600
4184 2761
4185 14882
4186 14323
4187 1475
4188 4295
4189 1554
4190 2634
4191 4996
4192 8726
4193 1664
4194 4339
4195 1469
4196 1731
4197 1206
4198 942
4199 11107
4200 60623
4201 743
4202 3893
4203 2405
4204 1723
4205 3231
4206 2023
4207 1663
4208 5545
4209 4973
4210 2825
4211 379
4212 21902
4213 1824
4214 6674
4215 4512
4216 13258
4217 380
4218 10342
4219 350
4220 6460
4221 10475
4222 870
4223 2309
4224 48365
4225 8201
4226 846
4227 1122
4228 6936
4229 353
4230 17699
4231 351
4232 5772
4233 4815
4234 3097
4235 13207
4236 4417
4237 1676
4238 3171
4239 4073
4240 20735
4241 427
4242 9281
4243 338
4244 1528
4245 4029
4246 3269
4247 1818
4248 16777
4249 1835
4250 9945
4251 4865
4252 1618
4253 362
4254 2226
4255 7500
4256 38491
4257 12273
4258 769
4259 429
4260 17972
4261 406
4262 720
4263 10653
4264 12927
4265 1425
4266 7211
4267 1566
4268 6972
4269 1014
4270 12746
4271 442
4272 15416
4273 403
4274 694
4275 19642
4276 1520
4277 6964
4278 9499
4279 1643
4280 11263
4281 1109
4282 741
4283 443
4284 40908
4285 1563
4286 718
4287 1122
4288 13161
4289 362
4290 38893
4291 1449
4292 6978
4293 5482
4294 3121
4295 1441
4296 7933
4297 345
4298 2965
4299 985
4300 12538
4301 7516
4302 4152
4303 1525
4304 5329
4305 19041
4306 622
4307 1571
4308 4447
4309 1629
4310 2852
4311 2695
4312 25601
4313 1836
4314 2265
4315 1651
4316 8046
4317 1314
4318 4086
4319 2704
4320 74292
4321 2710
4322 1005
4323 5515
4324 7666
4325 3325
4326 9192
4327 336
4328 2869
4329 10785
4330 2675
4331 1632
4332 9121
4333 1487
4334 3017
4335 9008
4336 5459
4337 333
4338 4305
4339 373
4340 26269
4341 1115
4342 3374
4343 1655
4344 8224
4345 6844
4346 3057
4347 16293
4348 1543
4349 333
4350 18156
4351 1740
4352 22203
4353 1189
4354 3187
4355 7512
4356 19760
4357 378
4358 698
4359 1221
4360 11470
4361 3749
4362 2126
4363 359
4364 1808
4365 9660
4366 4009
4367 2603
4368 65966
4369 2704
4370 15518
4371 5317
4372 1726
4373 361
4374 4546
4375 6904
4376 2846
4377 1068
4378 3108
4379 1606
4380 17306
4381 1868
4382 3128
4383 2203
4384 8855
4385 1324
4386 9557
4387 1479
4388 1505
4389 22366
4390 2758
4391 446
4392 17148
4393 2009
4394 2553
4395 4417
4396 6918
4397 374
4398 2403
4399 2051
4400 44356
4401 4689
4402 3517
4403 7970
4404 4831
4405 1431
4406 725
4407 5418
4408 13225
4409 387
4410 36120
4411 1663
4412 1698
4413 1052
4414 818
4415 1915
4416 38236
4417 2138
4418 1721
4419 2557
4420 29572
4421 409
4422 10323
4423 405
4424 12655
4425 9698
4426 685
4427 1651
4428 15526
4429 1629
4430 2737
4431 4643
4432 5430
4433 7975
4434 1948
4435 1355
4436 1574
4437 10919
4438 3297
4439 2217
4440 31845
4441 550
4442 794
4443 1098
4444 7241
4445 6214
4446 21049
4447 352
4448 8938
4449 1103
4450 5978
4451 380
4452 19169
4453 1654
4454 3130
4455 21539
4456 2826
4457 373
4458 1916
4459 5183
4460 6126
4461 1032
4462 3610
4463 538
4464 33144
4465 8270
4466 15611
4467 1065
4468 1618
4469 1601
4470 8552
4471 1902
4472 13290
4473 11066
4474 715
4475 3190
4476 5031
4477 4108
4478 868
4479 1766
4480 64012
4481 631
4482 8654
4483 419
4484 8062
4485 22462
4486 865
4487 2221
4488 38217
4489 1046
4490 3153
4491 2247
4492 1647
4493 328
4494 9148
4495 7056
4496 5598
4497 1081
4498 3214
4499 1885
4500 27294
4501 1595
4502 661
4503 4909
4504 2874
4505 6923
4506 1972
4507 342
4508 14365
4509 3773
4510 14041
4511 2030
4512 25776
4513 472
4514 3369
4515 18892
4516 1573
4517 313
4518 4299
4519 340
4520 11014
4521 5125
4522 15461
4523 402
4524 20795
4525 3052
4526 3248
4527 2231
4528 5505
4529 1600
4530 8171
4531 1557
4532 7180
4533 1118
4534 809
4535 1953
4536 37528
4537 2202
4538 786
4539 5028
4540 6205
4541 1887
4542 2076
4543 7527
4544 12788
4545 9395
4546 659
4547 334
4548 4345
4549 308
4550 26886
4551 5064
4552 2860
4553 1554
4554 21391
4555 1545
4556 7475
4557 10592
4558 3951
4559 2793
4560 61561
4561 771
4562 981
4563 8765
4564 7134
4565 7039
4566 2076
4567 341
4568 2984
4569 1075
4570 2853
4571 1544
4572 9800
4573 1709
4574 770
4575 10905
4576 41462
4577 2016
4578 9879
4579 1952
4580 6227
4581 2166
4582 3241
4583 377
4584 8233
4585 6640
4586 687
4587 5030
4588 7116
4589 1657
4590 30886
4591 426
4592 23841
4593 1233
4594 750
4595 1484
4596 4671
4597 352
4598 7344
4599 11349
4600 23978
4601 1788
4602 10402
4603 346
4604 1749
4605 4361
4606 7121
4607 2081
4608 35782
4609 2217
4610 3081
4611 5320
4612 1692
4613 1567
4614 1953
4615 6874
4616 3221
4617 7603
4618 818
4619 2137
4620 75693
4621 598
4622 844
4623 5617
4624 12533
4625 5204
4626 4477
4627 1566
4628 7442
4629 1054
4630 2815
4631 1858
4632 8499
4633 1716
4634 3061
4635 9286
4636 7465
4637 386
4638 2276
4639 499
4640 36246
4641 26042
4642 3466
4643 407
4644 16285
4645 1572
4646 3316
4647 1133
4648 12461
4649 371
4650 18226
4651 334
4652 1527
4653 10569
4654 3374
4655 15063
4656 15437
4657 415
4658 3278
4659 979
4660 6106
4661 1630
4662 20017
4663 387
4664 12900
4665 4423
4666 650
4667 1830
4668 4495
4669 7695
4670 2809
4671 4036
4672 13137
4673 414
4674 10437
4675 15586
4676 7299
4677 1272
4678 976
4679 788
4680 67806
4681 2614
4682 975
4683 5001
4684 1799
4685 1504
4686 9856
4687 1565
4688 5720
4689 2349
4690 12926
4691 379
4692 21433
4693 3901
4694 702
4695 4268
4696 3009
4697 7506
4698 11035
4699 1658
4700 13927
4701 1223
4702 902
4703 643
4704 51589
4705 2177
4706 3993
4707 2549
4708 7507
4709 1689
4710 8787
4711 1770
4712 13667
4713 1174
4714 707
4715 6865
4716 9781
4717 1665
4718 3167
4719 11649
4720 21741
4721 450
4722 2082
4723 355
4724 1544
4725 30336
4726 3187
4727 1695
4728 8206
4729 394
4730 13610
4731 5076
4732 14125
4733 352
4734 4573
4735 1569
4736 17854
4737 1125
4738 3321
4739 1641
4740 17965
4741 1874
4742 683
4743 11400
4744 2993
4745 6683
4746 9330
4747 1613
4748 1726
4749 1149
4750 11346
4751 663
4752 54934
4753 4789
4754 956
4755 4923
4756 8168
4757 1847
4758 11558
4759 589
4760 49920
4761 6571
4762 837
4763 1895
4764 4800
4765 1450
4766 661
4767 4955
4768 9008
4769 1665
4770 18043
4771 1537
4772 1499
4773 4978
4774 14743
4775 3240
4776 8102
4777 1884
4778 644
4779 5568
4780 6344
4781 1558
4782 2225
4783 450
4784 26814
4785 23251
4786 786
4787 479
4788 42903
4789 434
4790 2996
4791 1194
4792 3232
4793 335
4794 10379
4795 6769
4796 7859
4797 11960
4798 969
4799 742
4800 67178
4801 739
4802 3941
4803 1214
4804 1770
4805 3104
4806 7259
4807 8017
4808 2900
4809 4599
4810 13458
4811 1582
4812 4560
4813 345
4814 3379
4815 10259
4816 23808
4817 415
4818 10122
4819 1710
4820 6134
4821 1026
4822 714
4823 8085
4824 17449
4825 3496
4826 3310
4827 1005
4828 7364
4829 1593
4830 38370
4831 358
4832 9102
4833 3789
4834 729
4835 1469
4836 21432
4837 1712
4838 3445
4839 1284
4840 23618
4841 1844
4842 4544
4843 1715
4844 6849
4845 21463
4846 704
4847 1883
4848 15744
4849 1951
4850 6065
4851 21038
4852 1528
4853 1509
4854 1906
4855 1312
4856 2825
4857 996
4858 3092
4859 1746
4860 25752
4861 422
4862 16822
4863 1273
4864 23393
4865 7030
4866 2145
4867 1642
4868 1790
4869 2371
4870 3168
4871 566
4872 36854
4873 2244
4874 841
4875 15961
4876 7746
4877 418
4878 4910
4879 9506
4880 22948
4881 1355
4882 780
4883 1872
4884 21936
4885 1556
4886 3234
4887 4091
4888 13840
4889 415
4890 8806
4891 1636
4892 1849
4893 5088
4894 888
4895 9066
4896 56991
4897 2471
4898 3953
4899 5638
4900 27015
4901 3782
4902 10511
4903 382
4904 2959
4905 9078
4906 3142
4907 1414
4908 4421
4909 323
4910 2671
4911 1027
4912 5456
4913 1337
4914 33305
4915 1386
4916 1632
4917 5306
4918 813
4919 579
4920 33100
4921 9518
4922 3735
4923 2408
4924 1878
4925 3415
4926 2448
4927 2131
4928 57256
4929 6824
4930 15294
4931 415
4932 10180
4933 382
4934 697
4935 20130
4936 2946
4937 369
4938 2073
4939 1764
4940 29650
4941 5814
4942 3348
4943 461
4944 16453
4945 7668
4946 706
4947 4801
4948 1576
4949 3153
4950 38633
4951 325
4952 2898
4953 5011
4954 703
4955 1499
4956 20624
4957 445
4958 3573
4959 13531
4960 37193
4961 4347
4962 2318
4963 1663
4964 7831
4965 4662
4966 3680
4967 505
4968 29898
4969 493
4970 13444
4971 1095
4972 7307
4973 340
4974 2063
4975 3031
4976 5717
4977 10475
4978 3331
4979 1889
4980 18297
4981 1723
4982 3324
4983 5339
4984 12949
4985 1510
4986 4730
4987 395
4988 7845
4989 1206
4990 3401
4991 10651
4992 51308
4993 659
4994 3778
4995 16035
4996 1794
4997 1719
4998 20484
4999 385
5000 12154
5001 1176
5002 3296
5003 363
5004 9808
5005 32599
5006 640
5007 1053
5008 5649
5009 338
5010 8516
5011 346
5012 7161
5013 2603
5014 3693
5015 8814
5016 39211
5017 2226
5018 3744
5019 5111
5020 6508
5021 366
5022 11478
5023 377
5024 9410
5025 9609
5026 3352
5027 1765
5028 4875
5029 1683
5030 3070
5031 12597
5032 14350
5033 2093
5034 2483
5035 8584
5036 2243
5037 6275
5038 4877
5039 1107
5040 123619
5041 1936
5042 1305
5043 3005
5044 8534
5045 1827
5046 4868
5047 4051
5048 3264
5049 19516
5050 6339
5051 357
5052 4727
5053 1607
5054 7068
5055 4777
5056 13541
5057 1687
5058 4789
5059 408
5060 29689
5061 5120
5062 700
5063 1803
5064 8649
5065 1646
5066 3200
5067 2397
5068 6864
5069 1536
5070 17815
5071 1560
5072 5598
5073 4982
5074 3260
5075 14528
5076 16046
5077 376
5078 689
5079 1134
5080 11646
5081 412
5082 20219
5083 8328
5084 7697
5085 9431
5086 793
5087 504
5088 27353
5089 2182
5090 3192
5091 1124
5092 7772
5093 1710
5094 4966
5095 1689
5096 28040
5097 1372
5098 853
5099 499
5100 40782
5101 473
5102 846
5103 10232
5104 27359
5105 1646
5106 10904
5107 386
5108 1744
5109 5207
5110 13262
5111 1949
5112 17917
5113 452
5114 698
5115 21243
5116 1689
5117 8034
5118 2179
5119 479
5120 28630
5121 2861
5122 3484
5123 1823
5124 20398
5125 5086
5126 3195
5127 997
5128 2901
5129 1711
5130 29990
5131 1433
5132 1531
5133 4976
5134 3337
5135 7580
5136 15998
5137 1907
5138 3273
5139 2207
5140 6260
5141 1603
5142 1979
5143 1613
5144 3047
5145 14629
5146 3543
5147 478
5148 46598
5149 2110
5150 6902
5151 6625
5152 42222
5153 507
5154 2397
5155 1574
5156 1854
5157 3946
5158 839
5159 9597
5160 34247
5161 2291
5162 3660
5163 1106
5164 1791
5165 1488
5166 21606
5167 450
5168 26897
5169 1267
5170 14161
5171 358
5172 4709
5173 1518
5174 3279
5175 21468
5176 3096
5177 1744
5178 2148
5179 406
5180 28693
5181 5768
5182 882
5183 2364
5184 42609
5185 8756
5186 814
5187 25413
5188 1791
5189 392
5190 8863
5191 1818
5192 13930
5193 2450
5194 6996
5195 1482
5196 4961
5197 373
5198 3718
5199 1564
5200 47888
5201 2138
5202 10854
5203 3880
5204 1921
5205 4759
5206 3766
5207 2255
5208 37615
5209 561
5210 3165
5211 3858
5212 1723
5213 1711
5214 10204
5215 6821
5216 9673
5217 5612
5218 748
5219 1868
5220 38915
5221 1925
5222 3174
5223 1047
5224 3001
5225 15160
5226 9976
5227 388
5228 1630
5229 10160
5230 2968
5231 415
5232 16840
5233 437
5234 746
5235 4767
5236 33632
5237 399
5238 7808
5239 3915
5240 12243
5241 1187
5242 754
5243 3624
5244 22863
5245 1565
5246 3478
5247 12062
5248 18580
5249 1838
5250 29458
5251 1665
5252 7524
5253 5227
5254 3495
5255 1753
5256 18304
5257 1773
5258 3615
5259 1079
5260 6469
5261 380
5262 2308
5263 1905
5264 25011
5265 24868
5266 729
5267 1725
5268 4829
5269 2043
5270 14784
5271 4908
5272 3180
5273 347
5274 4663
5275 3510
5276 1985
5277 1410
5278 19197
5279 958
5280 102813
5281 956
5282 4589
5283 2725
5284 2007
5285 7157
5286 2269
5287 1844
5288 3250
5289 5398
5290 6475
5291 10183
5292 32378
5293 1835
5294 734
5295 4702
5296 6106
5297 363
5298 2232
5299 1616
5300 14299
5301 12613
5302 3972
5303 602
5304 40512
5305 2109
5306 3522
5307 5391
5308 1775
5309 366
5310 19480
5311 1888
5312 13932
5313 25518
5314 704
5315 1527
5316 5184
5317 1940
5318 831
5319 5130
5320 51593
5321 2327
5322 2608
5323 425
5324 5982
5325 10314
5326 869
5327 2219
5328 35936
5329 1079
5330 15306
5331 1154
5332 7769
5333 384
5334 9951
5335 7174
5336 14166
5337 2434
5338 3504
5339 1949
5340 18640
5341 3481
5342 701
5343 5200
5344 9355
5345 1491
5346 14248
5347 334
5348 6896
5349 1006
5350 6118
5351 381
5352 8470
5353 1690
5354 679
5355 42743
5356 7269
5357 1655
5358 11000
5359 1893
5360 22604
5361 1258
5362 3305
5363 1729
5364 10111
5365 7359
5366 700
5367 1244
5368 13876
5369 8260
5370 9027
5371 1753
5372 7999
5373 4205
5374 965
5375 7128
5376 61857
5377 2513
5378 920
5379 5431
5380 6682
5381 361
5382 22256
5383 1594
5384 2875
5385 4146
5386 686
5387 318
5388 4538
5389 1623
5390 27461
5391 2341
5392 5568
5393 349
5394 10305
5395 7110
5396 7967
5397 5092
5398 910
5399 654
5400 53454
5401 2599
5402 3932
5403 1207
5404 7505
5405 7317
5406 10904
5407 434
5408 20295
5409 2602
5410 3019
5411 1728
5412 21786
5413 412
5414 701
5415 9256
5416 2927
5417 319
5418 20163
5419 342
5420 6305
5421 5058
5422 685
5423 9389
5424 16395
5425 15947
5426 743
5427 5656
5428 7543
5429 1621
5430 8841
5431 413
5432 13101
5433 1178
5434 17095
5435 1616
5436 10520
5437 410
5438 844
5439 12784
5440 54648
5441 555
5442 2476
5443 399
5444 1753
5445 20688
5446 3263
5447 1940
5448 8965
5449 420
5450 6512
5451 5324
5452 7930
5453 8568
5454 8196
5455 1802
5456 29142
5457 6614
5458 962
5459 2287
5460 81995
5461 2235
5462 861
5463 2645
5464 3476
5465 1572
5466 2145
5467 7867
5468 1839
5469 1244
5470 3437
5471 662
5472 58648
5473 2529
5474 18027
5475 10138
5476 3660
5477 370
5478 10477
5479 388
5480 11925
5481 18562
5482 683
5483 344
5484 4691
5485 1488
5486 3397
5487 5677
5488 18194
5489 1734
5490 19053
5491 3791
5492 1569
5493 1002
5494 3268
5495 6969
5496 8592
5497 2086
5498 703
5499 11621
5500 22287
5501 372
5502 10014
5503 425
5504 19094
5505 4952
5506 801
5507 433
5508 24672
5509 1744
5510 15310
5511 5709
5512 14656
5513 1754
5514 2286
5515 1648
5516 7706
5517 2753
5518 4254
5519 762
5520 65690
5521 763
5522 4255
5523 5235
5524 1827
5525 15832
5526 4631
5527 357
5528 3009
5529 5114
5530 13126
5531 338
5532 4665
5533 1839
5534 683
5535 17075
5536 9554
5537 3898
5538 10723
5539 1910
5540 6938
5541 1298
5542 4191
5543 3022
5544 78386
5545 2537
5546 4302
5547 2738
5548 8101
5549 1806
5550 19549
5551 8193
5552 5847
5553 2500
5554 655
5555 7373
5556 4734
5557 353
5558 3259
5559 5400
5560 11560
5561 1712
5562 7886
5563 394
5564 7798
5565 21015
5566 8244
5567 2224
5568 40548
5569 571
5570 3298
5571 2600
5572 7558
5573 414
5574 2213
5575 3433
5576 14785
5577 11765
5578 787
5579 1861
5580 40605
5581 467
5582 775
5583 1115
5584 6049
5585 1439
5586 20914
5587 1565
5588 7496
5589 7635
5590 14416
5591 441
5592 8743
5593 8956
5594 705
5595 4531
5596 1790
5597 1937
5598 5580
5599 2419
5600 73680
5601 1795
5602 881
5603 2029
5604 5164
5605 7428
5606 699
5607 11327
5608 3266
5609 1799
5610 43347
5611 1734
5612 8190
5613 1222
5614 3853
5615 2181
5616 58734
5617 2441
5618 1811
5619 1233
5620 7044
5621 8002
5622 2325
5623 452
5624 14562
5625 11312
5626 3633
5627 1846
5628 21722
5629 2097
5630 3146
5631 1369
5632 29217
5633 1914
5634 4885
5635 14561
5636 1820
5637 1155
5638 834
5639 605
5640 34241
5641 559
5642 17037
5643 19462
5644 7681
5645 1495
5646 2089
5647 339
5648 5677
5649 4845
5650 6245
5651 357
5652 9928
5653 351
5654 3296
5655 22768
5656 12850
5657 398
5658 10509
5659 355
5660 6464
5661 11405
5662 3594
5663 2023
5664 27338
5665 8131
5666 778
5667 1080
5668 7649
5669 349
5670 41673
5671 1617
5672 3030
5673 5049
5674 751
5675 3326
5676 22295
5677 1725
5678 3646
5679 2743
5680 23473
5681 9290
5682 2309
5683 403
5684 15502
5685 4706
5686 758
5687 4311
5688 18876
5689 453
5690 3023
5691 4808
5692 1704
5693 372
5694 10827
5695 8231
5696 14636
5697 4248
5698 16817
5699 2032
5700 41609
5701 473
5702 828
5703 1376
5704 15188
5705 7514
5706 5027
5707 1901
5708 2045
5709 6009
5710 3815
5711 807
5712 74821
5713 2735
5714 1060
5715 11032
5716 2221
5717 492
5718 2727
5719 10130
5720 56823
5721 1752
5722 893
5723 2073
5724 17859
5725 3514
5726 3427
5727 5546
5728 9682
5729 2033
5730 8779
5731 1725
5732 1606
5733 23563
5734 3403
5735 7631
5736 8771
5737 384
5738 3366
5739 1154
5740 28623
5741 402
5742 22973
5743 340
5744 5805
5745 4514
5746 7428
5747 1495
5748 4710
5749 345
5750 10462
5751 5767
5752 3065
5753 1599
5754 9703
5755 1593
5756 1972
5757 5972
5758 1090
5759 3055
5760 95438
5761 2889
5762 4379
5763 6091
5764 8612
5765 1725
5766 4920
5767 1933
5768 13888
5769 2757
5770 3156
5771 1861
5772 23129
5773 1917
5774 751
5775 45117
5776 12700
5777 1728
5778 7739
5779 403
5780 13894
5781 5342
5782 6953
5783 397
5784 8670
5785 7520
5786 3310
5787 2293
5788 1588
5789 1531
5790 8517
5791 367
5792 9802
5793 1161
5794 808
5795 8108
5796 45544
5797 9438
5798 3831
5799 1421
5800 26476
5801 473
5802 2283
5803 1707
5804 1849
5805 16582
5806 820
5807 558
5808 34962
5809 2225
5810 14316
5811 5500
5812 1725
5813 335
5814 22529
5815 1407
5816 3149
5817 4999
5818 734
5819 4010
5820 19789
5821 480
5822 3909
5823 3174
5824 61676
5825 4005
5826 2555
5827 428
5828 8082
5829 5542
5830 14813
5831 6740
5832 16174
5833 1976
5834 727
5835 4352
5836 1690
5837 1769
5838 10211
5839 454
5840 22936
5841 12346
5842 3530
5843 382
5844 4855
5845 6682
5846 3483
5847 1205
5848 14466
5849 418
5850 43221
5851 418
5852 34434
5853 1262
5854 851
5855 1919
5856 28407
5857 511
5858 3532
5859 17932
5860 6527
5861 396
5862 2058
5863 8358
5864 2929
5865 21712
5866 3056
5867 396
5868 9893
5869 358
5870 2861
5871 5458
5872 5858
5873 1828
5874 10374
5875 5509
5876 8269
5877 2645
5878 1029
5879 778
5880 67656
5881 774
5882 4165
5883 6139
5884 2024
5885 7572
5886 8201
5887 4024
5888 24525
5889 5959
5890 15306
5891 1706
5892 5020
5893 1760
5894 3319
5895 10304
5896 14092
5897 428
5898 2275
5899 1780
5900 14444
5901 5263
5902 3977
5903 548
5904 36990
5905 2032
5906 838
5907 5447
5908 7434
5909 1801
5910 8859
5911 1846
5912 3225
5913 5808
5914 767
5915 15526
5916 23734
5917 2016
5918 3794
5919 1538
5920 39859
5921 2278
5922 23030
5923 405
5924 1991
5925 10245
5926 896
5927 601
5928 42640
5929 9305
5930 3444
5931 2541
5932 1947
5933 1784
5934 11608
5935 1775
5936 27522
5937 1486
5938 914
5939 574
5940 67049
5941 2192
5942 813
5943 5114
5944 3370
5945 7568
5946 2160
5947 1737
5948 1782
5949 2375
5950 31165
5951 2329
5952 40746
5953 565
5954 3825
5955 4547
5956 1755
5957 8047
5958 4648
5959 1829
5960 12121
5961 1213
5962 3460
5963 1781
5964 20926
5965 1596
5966 3473
5967 20119
5968 5892
5969 1756
5970 8520
5971 1503
5972 1635
5973 5244
5974 3576
5975 3619
5976 19172
5977 1981
5978 7423
5979 1311
5980 32160
5981 470
5982 2541
5983 2257
5984 46171
5985 50226
5986 3772
5987 402
5988 5071
5989 1739
5990 3024
5991 1210
5992 13477
5993 1872
5994 11725
5995 7397
5996 1816
5997 1188
5998 915
5999 2399
6000 49435
6001 2616
6002 922
6003 12359
6004 8162
6005 1518
6006 47247
6007 343
6008 3105
6009 1041
6010 2796
6011 381
6012 10196
6013 1592
6014 3531
6015 4828
6016 19238
6017 1814
6018 11169
6019 1858
6020 29151
6021 4228
6022 728
6023 2020
6024 9203
6025 3364
6026 3523
6027 10585
6028 7719
6029 394
6030 20129
6031 1926
6032 27792
6033 1349
6034 3364
6035 7418
6036 4958
6037 374
6038 713
6039 12571
6040 12398
6041 1873
6042 11362
6043 406
6044 2091
6045 24088
6046 1047
6047 844
6048 90777
6049 3120
6050 15961
6051 1374
6052 8492
6053 396
6054 2269
6055 7106
6056 3258
6057 2443
6058 3480
6059 1853
6060 19276
6061 9540
6062 3437
6063 5552
6064 6202
6065 1498
6066 4821
6067 426
6068 8124
6069 11141
6070 3434
6071 2477
6072 42915
6073 632
6074 951
6075 15859
6076 16802
6077 1981
6078 2687
6079 618
6080 58093
6081 1685
6082 893
6083 8881
6084 22533
6085 1648
6086 3631
6087 1069
6088 3124
6089 351
6090 40282
6091 316
6092 1625
6093 2307
6094 3482
6095 8506
6096 16889
6097 8531
6098 724
6099 5754
6100 14056
6101 434
6102 8067
6103 2024
6104 13238
6105 23206
6106 3440
6107 1681
6108 4814
6109 1660
6110 14624
6111 11687
6112 9791
6113 400
6114 2280
6115 1648
6116 8302
6117 1334
6118 18854
6119 2789
6120 74438
6121 773
6122 1014
6123 5777
6124 1896
6125 11062
6126 2173
6127 1750
6128 6064
6129 4209
6130 3107
6131 402
6132 21619
6133 433
6134 765
6135 4948
6136 14616
6137 4237
6138 24024
6139 1674
6140 7027
6141 5316
6142 3832
6143 457
6144 26168
6145 1876
6146 3540
6147 2469
6148 7980
6149 9147
6150 19875
6151 394
6152 3350
6153 5510
6154 3933
6155 1803
6156 26918
6157 2269
6158 1087
6159 2147
6160 102186
6161 2753
6162 13218
6163 485
6164 8463
6165 10737
6166 772
6167 1962
6168 9268
6169 1912
6170 3049
6171 12238
6172 1632
6173 357
6174 15858
6175 16378
6176 9833
6177 5367
6178 750
6179 1909
6180 19540
6181 1724
6182 3503
6183 3900
6184 3213
6185 1595
6186 2236
6187 1855
6188 36236
6189 1310
6190 3480
6191 2343
6192 38048
6193 2277
6194 3818
6195 21626
6196 1920
6197 384
6198 2356
6199 477
6200 26894
6201 13359
6202 3543
6203 457
6204 23703
6205 7928
6206 3648
6207 1256
6208 14641
6209 1920
6210 33705
6211 385
6212 1818
6213 5590
6214 4165
6215 9156
6216 39260
6217 594
6218 863
6219 2511
6220 6970
6221 383
6222 10963
6223 3808
6224 6127
6225 9972
6226 3467
6227 2126
6228 10640
6229 384
6230 14256
6231 6011
6232 15169
6233 1977
6234 2533
6235 8687
6236 2230
6237 29123
6238 1220
6239 3370
6240 111287
6241 1741
6242 1241
6243 1527
6244 8496
6245 1846
6246 5235
6247 420
6248 15123
6249 1380
6250 4603
6251 8275
6252 5313
6253 4572
6254 3752
6255 11171
6256 28792
6257 474
6258 10684
6259 1791
6260 7058
6261 1150
6262 3775
6263 526
6264 31871
6265 8143
6266 4118
6267 1132
6268 1910
6269 387
6270 45757
6271 503
6272 37801
6273 13648
6274 805
6275 3330
6276 4990
6277 391
6278 3436
6279 26315
6280 12002
6281 1880
6282 4701
6283 1644
6284 1642
6285 4353
6286 3383
6287 433
6288 17303
6289 2024
6290 15396
6291 4133
6292 16784
6293 8431
6294 2115
6295 1499
6296 3428
6297 1189
6298 3787
6299 577
6300 81149
6301 574
6302 3892
6303 5781
6304 10542
6305 7473
6306 2137
6307 8444
6308 7893
6309 2430
6310 2906
6311 387
6312 8949
6313 1761
6314 16125
6315 4372
6316 1693
6317 386
6318 16013
6319 1994
6320 24166
6321 12164
6322 3711
6323 499
6324 23871
6325 17694
6326 800
6327 13146
6328 14144
6329 456
6330 9406
6331 1788
6332 2033
6333 1328
6334 1025
6335 9728
6336 87026
6337 771
6338 1012
6339 1332
6340 7416
6341 1857
6342 10355
6343 440
6344 14704
6345 17675
6346 3711
6347 2030
6348 10604
6349 1667
6350 6512
6351 5568
6352 6045
6353 354
6354 4762
6355 7416
6356 7569
6357 5690
6358 8135
6359 607
6360 35874
6361 572
6362 839
6363 11510
6364 8003
6365 8306
6366 2288
6367 401
6368 10148
6369 5610
6370 30018
6371 1867
6372 17478
6373 397
6374 748
6375 16754
6376 3384
6377 1825
6378 2441
6379 480
6380 33774
6381 2995
6382 1078
6383 2911
6384 78536
6385 2539
6386 4316
6387 1363
6388 2113
6389 393
6390 20918
6391 8927
6392 15425
6393 1374
6394 3828
6395 1692
6396 24401
6397 465
6398 3792
6399 7393
6400 45190
6401 2115
6402 11452
6403 2078
6404 1860
6405 21323
6406 771
6407 1934
6408 19088
6409 9919
6410 3015
6411 1136
6412 7334
6413 3800
6414 2139
6415 1561
6416 6008
6417 12667
6418 722
6419 3648
6420 19406
6421 427
6422 7886
6423 1206
6424 14362
6425 3444
6426 36573
6427 376
6428 1752
6429 1079
6430 3271
6431 2198
6432 28773
6433 2212
6434 841
6435 49498
6436 1970
6437 1933
6438 12392
6439 2356
6440 54588
6441 7299
6442 902
6443 2010
6444 11176
6445 1660
6446 3666
6447 5967
6448 28500
6449 479
6450 20541
6451 383
6452 1743
6453 3847
6454 3357
6455 1668
6456 9308
6457 1991
6458 751
6459 1213
6460 33070
6461 8420
6462 5029
6463 2080
6464 15393
6465 5178
6466 3711
6467 2148
6468 45794
6469 476
6470 3143
6471 2600
6472 3404
6473 376
6474 10890
6475 16135
6476 1951
6477 5871
6478 4356
6479 12316
6480 73033
6481 770
6482 4084
6483 1289
6484 1945
6485 1555
6486 11072
6487 1722
6488 3267
6489 11263
6490 14580
6491 367
6492 5008
6493 1752
6494 3788
6495 5728
6496 44225
6497 2150
6498 11336
6499 1896
6500 23805
6501 5706
6502 754
6503 1904
6504 9180
6505 1623
6506 717
6507 3888
6508 1722
6509 1788
6510 42845
6511 2138
6512 28141
6513 6100
6514 785
6515 1535
6516 10683
6517 6018
6518 725
6519 6083
6520 12576
6521 449
6522 2304
6523 1804
6524 8014
6525 23850
6526 4256
6527 2500
6528 56972
6529 686
6530 3527
6531 5448
6532 8621
6533 1908
6534 17528
6535 1659
6536 15220
6537 1297
6538 3612
6539 2112
6540 20001
6541 1856
6542 756
6543 2626
6544 6377
6545 36360
6546 2334
6547 434
6548 1982
6549 6288
6550 7953
6551 818
6552 84130
6553 816
6554 4495
6555 25763
6556 8868
6557 2038
6558 2613
6559 2231
6560 40483
6561 4037
6562 3919
6563 413
6564 5136
6565 7815
6566 7274
6567 5310
6568 3176
6569 354
6570 19668
6571 366
6572 7901
6573 5080
6574 3627
6575 3866
6576 17977
6577 464
6578 19379
6579 12673
6580 30082
6581 401
6582 2266
6583 1719
6584 3204
6585 4552
6586 3546
6587 1725
6588 17758
6589 2035
6590 3157
6591 4284
6592 15199
6593 1897
6594 10693
6595 1726
6596 8799
6597 2864
6598 1032
6599 812
6600 77037
6601 12378
6602 1061
6603 6133
6604 8962
6605 1811
6606 5470
6607 501
6608 27901
6609 1488
6610 3355
6611 2199
6612 24523
6613 1904
6614 782
6615 34419
6616 3321
6617 1731
6618 2278
6619 386
6620 7226
6621 1254
6622 18374
6623 2549
6624 61678
6625 7066
6626 972
6627 2541
6628 1885
6629 1617
6630 44556
6631 1740
6632 3268
6633 11782
6634 3516
6635 1626
6636 21987
6637 439
6638 779
6639 1358
6640 24296
6641 1945
6642 12105
6643 8074
6644 7936
6645 4614
6646 752
6647 4323
6648 9025
6649 1827
6650 30876
6651 2365
6652 1755
6653 388
6654 2298
6655 5741
6656 31343
6657 5944
6658 860
6659 512
6660 43524
6661 536
6662 855
6663 1398
6664 30090
6665 8360
6666 11154
6667 1873
6668 1782
6669 20375
6670 15858
6671 2122
6672 17364
6673 499
6674 3685
6675 9766
6676 1691
6677 1711
6678 22063
6679 413
6680 12117
6681 5749
6682 3537
6683 1755
6684 5259
6685 7211
6686 853
6687 3074
6688 47380
6689 516
6690 10158
6691 434
6692 8081
6693 5777
6694 856
6695 9111
6696 33261
6697 2283
6698 3914
6699 26703
6700 15241
6701 368
6702 2366
6703 407
6704 6451
6705 10429
6706 3634
6707 1986
6708 24112
6709 460
6710 15751
6711 1331
6712 3650
6713 4415
6714 5299
6715 8857
6716 9537
6717 1746
6718 1401
6719 1222
6720 153575
6721 15361
6722 1418
6723 7535
6724 4659
6725 4130
6726 12162
6727 4534
6728 7440
6729 1402
6730 3509
6731 2051
6732 50777
6733 493
6734 17572
6735 4920
6736 6410
6737 360
6738 2296
6739 1697
6740 6836
6741 11101
6742 695
6743 1953
6744 9005
6745 8318
6746 721
6747 5465
6748 7452
6749 1763
6750 24006
6751 1766
6752 9786
6753 1099
6754 3416
6755 6807
6756 4997
6757 1703
6758 3638
6759 2878
6760 25922
6761 496
6762 22819
6763 379
6764 8615
6765 23617
6766 3978
6767 2260
6768 38012
6769 2385
6770 3463
6771 5714
6772 1854
6773 1799
6774 2346
6775 3701
6776 29120
6777 4646
6778 800
6779 460
6780 20229
6781 434
6782 774
6783 28043
6784 19845
6785 7793
6786 23844
6787 1728
6788 1693
6789 5183
6790 13893
6791 406
6792 9066
6793 395
6794 3586
6795 10092
6796 1838
6797 1718
6798 11824
6799 2215
6800 52953
6801 1639
6802 4231
6803 485
6804 32749
6805 1789
6806 3849
6807 1287
6808 15654
6809 1889
6810 9601
6811 3653
6812 8388
6813 2629
6814 885
6815 9243
6816 30262
6817 2375
6818 3784
6819 1281
6820 33150
6821 2162
6822 4902
6823 376
6824 3241
6825 46727
6826 696
6827 352
6828 5170
6829 396
6830 3212
6831 22527
6832 27244
6833 487
6834 11771
6835 1752
6836 2080
6837 6452
6838 4524
6839 2753
6840 78781
6841 804
6842 4519
6843 1397
6844 8862
6845 3602
6846 10773
6847 2054
6848 15054
6849 2753
6850 6880
6851 9642
6852 5271
6853 8452
6854 3558
6855 4702
6856 3406
6857 394
6858 8432
6859 1665
6860 23520
6861 1469
6862 4599
6863 816
6864 83390
6865 2606
6866 1072
6867 12376
6868 8600
6869 418
6870 9579
6871 373
6872 3406
6873 5639
6874 3350
6875 8542
6876 11166
6877 4489
6878 3993
6879 1544
6880 40762
6881 2126
6882 12167
6883 426
6884 1968
6885 25558
6886 4082
6887 2494
6888 40417
6889 1147
6890 16524
6891 1238
6892 1811
6893 1762
6894 4849
6895 7119
6896 6419
6897 12306
6898 770
6899 514
6900 42838
6901 1938
6902 17360
6903 12250
6904 3368
6905 1549
6906 2208
6907 403
6908 8504
6909 11471
6910 3510
6911 639
6912 55380
6913 2605
6914 922
6915 5350
6916 37519
6917 450
6918 2394
6919 9080
6920 12850
6921 2597
6922 705
6923 8478
6924 4951
6925 3163
6926 677
6927 1068
6928 5985
6929 3897
6930 87181
6931 1877
6932 1732
6933 1023
6934 771
6935 8651
6936 19267
6937 1947
6938 779
6939 4091
6940 7037
6941 1853
6942 12063
6943 2134
6944 44806
6945 5860
6946 3880
6947 426
6948 11124
6949 409
6950 7087
6951 5661
6952 15137
6953 1937
6954 11875
6955 7931
6956 8825
6957 2727
6958 8762
6959 814
6960 71010
6961 779
6962 2094
6963 5913
6964 2035
6965 7365
6966 12357
6967 465
6968 15516
6969 6160
6970 15816
6971 454
6972 22490
6973 1987
6974 3668
6975 23924
6976 14931
6977 429
6978 2303
6979 1637
6980 6861
6981 5628
6982 764
6983 478
6984 19449
6985 8220
6986 3472
6987 5395
6988 1823
6989 2040
6990 9676
6991 496
6992 30200
6993 20912
6994 3953
6995 1799
6996 24807
6997 467
6998 894
6999 1557
7000 41950
7001 542
7002 5395
7003 1909
7004 8551
7005 4940
7006 3938
7007 20736
7008 29937
7009 2203
7010 3288
7011 12117
7012 1782
7013 362
7014 9971
7015 7673
7016 3339
7017 1154
7018 8225
7019 578
7020 69778
7021 9548
7022 861
7023 1192
7024 6507
7025 3409
7026 2218
7027 383
7028 7535
7029 12460
7030 15531
7031 2008
7032 9459
7033 2048
7034 761
7035 21785
7036 1924
7037 1956
7038 27087
7039 640
7040 77599
7041 1793
7042 3942
7043 430
7044 5419
7045 1617
7046 3679
7047 8490
7048 3465
7049 8782
7050 20789
7051 1947
7052 8788
7053 1343
7054 1048
7055 10698
7056 75330
7057 766
7058 1005
7059 6310
7060 7534
7061 1827
7062 11364
7063 1841
7064 3515
7065 10554
7066 818
7067 2024
7068 25303
7069 481
7070 15515
7071 1600
7072 50058
7073 2198
7074 9069
7075 3848
7076 9114
7077 5624
7078 906
7079 604
7080 38742
7081 2482
7082 906
7083 2850
7084 37190
7085 8083
7086 2348
7087 1854
7088 6370
7089 5852
7090 3038
7091 1713
7092 10647
7093 1824
7094 722
7095 22775
7096 3190
7097 1772
7098 21853
7099 1810
7100 14953
7101 4365
7102 3990
7103 620
7104 42964
7105 17944
7106 19290
7107 5664
7108 1849
7109 384
7110 20228
7111 1961
7112 13940
7113 1236
7114 750
7115 1560
7116 5153
7117 1891
7118 765
7119 12496
7120 24732
7121 482
7122 2456
7123 2036
7124 8426
7125 17653
7126 3810
7127 586
7128 46646
7129 608
7130 16811
7131 1248
7132 1972
7133 1757
7134 11377
7135 1653
7136 11241
7137 12908
7138 4153
7139 5215
7140 88992
7141 2496
7142 952
7143 1391
7144 15994
7145 1667
7146 5028
7147 1715
7148 1782
7149 1117
7150 34114
7151 457
7152 17815
7153 2225
7154 7509
7155 16688
7156 1729
7157 1803
7158 2201
7159 444
7160 12531
7161 26620
7162 726
7163 9296
7164 11115
7165 1683
7166 818
7167 1521
7168 35385
7169 2008
7170 9946
7171 1938
7172 8338
7173 2784
7174 4119
7175 18970
7176 44413
7177 607
7178 4036
7179 1236
7180 7180
7181 1852
7182 38211
7183 1764
7184 6219
7185 4737
7186 744
7187 409
7188 5194
7189 8504
7190 3198
7191 13458
7192 15774
7193 436
7194 11517
7195 1894
7196 8661
7197 1508
7198 4900
7199 3475
7200 112018
7201 3230
7202 4873
7203 6248
7204 2298
7205 8117
7206 2544
7207 481
7208 15867
7209 6786
7210 14762
7211 401
7212 5461
7213 408
7214 803
7215 25840
7216 29753
7217 2047
7218 5435
7219 443
7220 15367
7221 6234
7222 4240
7223 2461
7224 41775
7225 9039
7226 906
7227 12702
7228 8548
7229 383
7230 9613
7231 1960
7232 15017
7233 1280
7234 766
7235 1610
7236 17907
7237 418
7238 16753
7239 5840
7240 12653
7241 1919
7242 10843
7243 361
7244 1765
7245 46247
7246 782
7247 465
7248 17996
7249 2020
7250 11496
7251 1181
7252 16276
7253 412
7254 24655
7255 1630
7256 3274
7257 5644
7258 3728
7259 9388
7260 42041
7261 2007
7262 803
7263 4298
7264 10634
7265 1637
7266 10681
7267 4301
7268 8525
7269 1188
7270 3316
7271 2292
7272 20954
7273 2173
7274 872
7275 11346
7276 9012
7277 2325
7278 3148
7279 2917
7280 108282
7281 4239
7282 4294
7283 478
7284 5734
7285 7996
7286 796
7287 5689
7288 3526
7289 1856
7290 17798
7291 1794
7292 1997
7293 29898
7294 4102
7295 2290
7296 59696
7297 688
7298 4307
7299 2772
7300 15930
7301 4036
7302 2459
7303 1912
7304 15976
7305 5355
7306 3990
7307 512
7308 49324
7309 496
7310 16460
7311 1242
7312 6617
7313 1828
7314 11568
7315 36566
7316 8788
7317 4387
7318 881
7319 2472
7320 37483
7321 601
7322 3720
7323 1202
7324 1855
7325 3507
7326 24210
7327 2030
7328 10475
7329 5491
7330 3250
7331 461
7332 24705
7333 446
7334 3802
7335 11083
7336 14687
7337 9775
7338 2406
7339 1952
7340 7407
7341 1327
7342 971
7343 2566
7344 64192
7345 9772
7346 988
7347 5908
7348 8586
7349 404
7350 41382
7351 385
7352 3423
7353 12203
7354 757
7355 1603
7356 5382
7357 1795
7358 3953
7359 7167
7360 60293
7361 2527
7362 5592
7363 1963
7364 7988
7365 4976
7366 3731
7367 1969
7368 9744
7369 437
7370 15701
7371 28189
7372 8191
7373 1796
7374 2354
7375 5586
7376 6710
7377 1223
7378 19129
7379 2197
7380 44774
7381 5215
7382 901
7383 6663
7384 16438
7385 8402
7386 2560
7387 2029
7388 2315
7389 3047
7390 4404
7391 3421
7392 128888
7393 1013
7394 1276
7395 27290
7396 4575
7397 2031
7398 9203
7399 4730
7400 28608
7401 1516
7402 814
7403 2210
7404 5335
7405 1523
7406 7711
7407 2487
7408 6418
7409 2080
7410 46812
7411 383
7412 8408
7413 5386
7414 3967
7415 1840
7416 20809
7417 488
7418 840
7419 1326
7420 31814
7421 2055
7422 2536
7423 1990
7424 26719
7425 40159
7426 3755
7427 1780
7428 5327
7429 9370
7430 3135
7431 1204
7432 3402
7433 397
7434 23264
7435 1733
7436 18711
7437 6565
7438 1064
7439 2893
7440 73366
7441 2864
7442 2107
7443 2761
7444 2185
7445 1786
7446 12303
7447 2107
7448 31422
7449 6715
7450 7313
7451 427
7452 26827
7453 1963
7454 798
7455 22753
7456 10437
7457 388
7458 11174
7459 397
7460 6926
7461 2505
7462 17413
7463 2015
7464 9117
7465 1695
7466 755
7467 5488
7468 1664
7469 8195
7470 20369
7471 2059
7472 6337
7473 6147
7474 3761
7475 18695
7476 23652
7477 498
7478 979
7479 5827
7480 62645
7481 637
7482 12959
7483 1952
7484 2401
7485 5610
7486 4700
7487 786
7488 93156
7489 808
7490 16672
7491 6295
7492 2033
7493 1861
7494 2294
7495 1595
7496 3427
7497 26837
7498 3767
7499 456
7500 22095
7501 2211
7502 8404
7503 6361
7504 27777
7505 8566
7506 8603
7507 385
7508 1758
7509 1081
7510 3136
7511 9398
7512 9381
7513 2109
7514 8203
7515 10486
7516 1804
7517 395
7518 11200
7519 2227
7520 42567
7521 6807
7522 928
7523 583
7524 53544
7525 17213
7526 3781
7527 5756
7528 3429
7529 401
7530 9435
7531 1821
7532 7994
7533 8664
7534 787
7535 8658
7536 19081
7537 494
7538 821
7539 5805
7540 34813
7541 448
7542 5383
7543 2097
7544 16168
7545 5313
7546 13103
7547 448
7548 25948
7549 471
7550 7562
7551 3098
7552 21824
7553 9722
7554 2670
7555 1922
7556 2448
7557 6783
7558 1266
7559 1012
7560 122804
7561 1036
7562 5135
7563 1604
7564 9681
7565 9017
7566 12586
7567 10648
7568 30672
7569 6613
7570 3471
7571 1863
7572 5288
7573 390
7574 3464
7575 10518
7576 3231
7577 401
7578 4916
7579 9131
7580 7182
7581 12027
7582 4065
7583 570
7584 30098
7585 9127
7586 822
7587 4411
7588 8158
7589 395
7590 47077
7591 462
7592 15538
7593 1288
7594 806
7595 16108
7596 11475
7597 2006
7598 4058
7599 7346
7600 54017
7601 2304
7602 11618
7603 428
7604 1880
7605 22148
7606 770
7607 437
7608 9640
7609 2058
7610 3336
7611 5866
7612 8471
7613 1945
7614 13561
7615 2042
7616 67440
7617 1710
7618 4141
7619 2249
7620 21239
7621 459
7622 3825
7623 24848
7624 3399
7625 5509
7626 10989
7627 1940
7628 1850
7629 1157
7630 15263
7631 2450
7632 39164
7633 2447
7634 4094
7635 4901
7636 8622
7637 1770
7638 11890
7639 405
7640 13464
7641 4634
7642 832
7643 501
7644 48443
7645 8510
7646 858
7647 1282
7648 10704
7649 414
7650 45978
7651 1727
7652 1922
7653 1247
7654 4071
7655 2136
7656 44605
7657 10861
7658 3795
7659 12885
7660 7236
7661 1882
7662 2281
7663 1951
7664 6399
7665 22033
7666 759
7667 9298
7668 18259
7669 422
7670 15758
7671 1361
7672 14759
7673 417
7674 2495
7675 3843
7676 9219
7677 2777
7678 4549
7679 2785
7680 78193
7681 811
7682 4669
7683 6275
7684 9102
7685 8731
7686 23206
7687 417
7688 7220
7689 5778
7690 3134
7691 413
7692 5558
7693 3844
7694 806
7695 27808
7696 31141
7697 2184
7698 2659
7699 535
7700 67507
7701 6555
7702 877
7703 534
7704 21328
7705 9326
7706 810
7707 5422
7708 8415
7709 1834
7710 9412
7711 1856
7712 10221
7713 2522
7714 17666
7715 1524
7716 5151
7717 377
7718 3750
7719 5952
7720 13097
7721 1983
7722 41555
7723 392
7724 2054
7725 11265
7726 1076
7727 788
7728 80627
7729 2883
7730 3859
7731 2803
7732 1976
7733 9569
7734 2418
7735 37918
7736 3616
7737 1294
7738 3867
7739 2187
7740 45192
7741 536
7742 8356
7743 6651
7744 33033
7745 1862
7746 2618
7747 1972
7748 8918
7749 19994
7750 12464
7751 2857
7752 46384
7753 620
7754 952
7755 24674
7756 8170
7757 413
7758 5298
7759 487
7760 25426
7761 6325
7762 780
7763 1723
7764 5235
7765 1490
7766 3500
7767 2380
7768 3271
7769 1929
7770 42842
7771 1871
7772 8390
7773 1186
7774 8922
7775 4395
7776 43235
7777 9684
7778 849
7779 1213
7780 7262
7781 1860
7782 2333
7783 1972
7784 14517
7785 11009
7786 3810
7787 2185
7788 24433
7789 455
7790 16351
7791 11934
7792 6554
7793 390
7794 5044
7795 1713
7796 2054
7797 6229
7798 4188
7799 3085
7800 80223
7801 2948
7802 4635
7803 9907
7804 2166
7805 7668
7806 2496
7807 2007
7808 21646
7809 6439
7810 16355
7811 2187
7812 50093
7813 2307
7814 833
7815 4984
7816 3546
7817 406
7818 2387
7819 1798
7820 35321
7821 12895
7822 821
7823 503
7824 19062
7825 4062
7826 18276
7827 1174
7828 8613
7829 388
7830 35830
7831 2072
7832 15545
7833 5899
7834 815
7835 1638
7836 5761
7837 2058
7838 977
7839 16248
7840 81619
7841 710
7842 2888
7843 9986
7844 8850
7845 5356
7846 840
7847 9744
7848 20783
7849 2314
7850 7137
7851 1146
7852 8430
7853 383
7854 51708
7855 1543
7856 6429
7857 6122
7858 750
7859 1892
7860 20329
7861 1796
7862 744
7863 1124
7864 3296
7865 16271
7866 25260
7867 421
7868 7985
7869 5916
7870 3578
7871 2598
7872 44639
7873 639
7874 4060
7875 35936
7876 8889
7877 413
7878 11835
7879 440
7880 13453
7881 6157
7882 3626
7883 440
7884 18892
7885 8630
7886 856
7887 6733
7888 31474
7889 7256
7890 10274
7891 1969
7892 2018
7893 2931
7894 937
7895 2362
7896 43483
7897 2408
7898 4488
7899 1359
7900 16536
7901 478
7902 5991
7903 2249
7904 52444
7905 29451
7906 4173
7907 439
7908 5895
7909 2379
7910 15847
7911 5054
7912 16859
7913 2176
7914 2810
7915 2020
7916 2556
7917 30937
7918 5403
7919 1171
7920 153326
7921 1989
7922 5263
7923 7399
7924 9048
7925 4154
7926 2612
7927 405
7928 3673
7929 2809
7930 16218
7931 9411
7932 5350
7933 440
7934 872
7935 11365
7936 26723
7937 439
7938 25524
7939 1891
7940 7228
7941 1133
7942 8511
7943 4484
7944 9588
7945 7691
7946 3681
7947 2678
7948 1802
7949 397
7950 21679
7951 492
7952 29097
7953 6714
7954 4141
7955 9062
7956 54665
7957 2133
7958 3960
7959 5942
7960 13955
7961 2165
7962 2380
7963 404
7964 8995
7965 18122
7966 3765
7967 2283
7968 30897
7969 2380
7970 3497
7971 1183
7972 1924
7973 8995
7974 5075
7975 17577
7976 3605
7977 1247
7978 898
7979 2480
7980 91895
7981 2402
7982 4211
7983 2867
7984 7017
7985 1675
7986 8339
7987 3891
7988 1902
7989 1238
7990 16895
7991 2324
7992 34733
7993 545
7994 3867
7995 25642
7996 2135
7997 2051
7998 12658
7999 2524
8000 46681
8001 14446
8002 959
8003 2152
8004 27504
8005 1980
8006 1005
8007 7555
8008 69717
8009 654
8010 23217
8011 435
8012 1989
8013 1212
8014 820
8015 8301
8016 18726
8017 497
8018 3882
8019 10947
8020 7238
8021 1853
8022 10794
8023 1988
8024 15596
8025 10888
8026 803
8027 1916
8028 11262
8029 9042
8030 15785
8031 1227
8032 10655
8033 1925
8034 11721
8035 1688
8036 17398
8037 13500
8038 895
8039 650
8040 38507
8041 11131
8042 888
8043 5393
8044 1863
8045 1544
8046 8512
8047 1863
8048 6556
8049 1224
8050 33525
8051 2081
8052 25335
8053 446
8054 888
8055 11794
8056 16874
8057 2243
8058 12662
8059 513
8060 37530
8061 1688
8062 4980
8063 3232
8064 120268
8065 2868
8066 4726
8067 1442
8068 2209
8069 419
8070 9756
8071 1999
8072 3459
8073 22162
8074 3657
8075 17286
8076 5285
8077 1833
8078 3729
8079 1433
8080 25608
8081 489
8082 5334
8083 1866
8084 8541
8085 48668
8086 3700
8087 433
8088 9981
8089 445
8090 3306
8091 14093
8092 17704
8093 429
8094 12430
8095 2037
8096 51807
8097 1630
8098 954
8099 9829
8100 49370
8101 549
8102 840
8103 5971
8104 3538
8105 1590
8106 10697
8107 4110
8108 1917
8109 13016
8110 3545
8111 633
8112 39315
8113 10425
8114 910
8115 5167
8116 2077
8117 450
8118 27435
8119 2482
8120 59129
8121 1745
8122 4113
8123 446
8124 5607
8125 8639
8126 4115
8127 20633
8128 15543
8129 2031
8130 9919
8131 1886
8132 8561
8133 1192
8134 7758
8135 1994
8136 20972
8137 2085
8138 3971
8139 1310
8140 34453
8141 1828
8142 12041
8143 2323
8144 6684
8145 10885
8146 781
8147 464
8148 23242
8149 2089
8150 7309
8151 28880
8152 3564
8153 2028
8154 8688
8155 7885
8156 2214
8157 1541
8158 1282
8159 3515
8160 121199
8161 1002
8162 20975
8163 3030
8164 9301
8165 8592
8166 2580
8167 405
8168 3560
8169 5404
8170 16855
8171 394
8172 11468
8173 2040
8174 3918
8175 11972
8176 28772
8177 10957
8178 12649
8179 449
8180 7685
8181 6683
8182 936
8183 4734
8184 46130
8185 2237
8186 953
8187 1256
8188 9064
8189 2054
8190 95185
8191 408
8192 13059
8193 1231
8194 4016
8195 7992
8196 5511
8197 1762
8198 831
8199 3056
8200 28567
8201 2166
8202 2602
8203 1933
8204 8357
8205 5365
8206 4345
8207 2641
8208 66205
8209 713
8210 3768
8211 27962
8212 2105
8213 2075
8214 5258
8215 8509
8216 15771
8217 13016
8218 3637
8219 452
8220 21154
8221 451
8222 770
8223 1247
8224 10848
8225 16540
8226 5210
8227 2076
8228 18175
8229 5957
8230 3468
8231 546
8232 31249
8233 550
8234 4174
8235 18509
8236 8922
8237 470
8238 2484
8239 9163
8240 25686
8241 6511
8242 3858
8243 420
8244 11290
8245 7831
8246 17515
8247 1119
8248 3274
8249 1842
8250 33974
8251 1929
8252 1901
8253 11932
8254 905
8255 9401
8256 45883
8257 2896
8258 946
8259 1417
8260 32974
8261 2009
8262 17361
8263 408
8264 3637
8265 25221
8266 831
8267 1931
8268 25836
8269 482
8270 3562
8271 3182
8272 31926
8273 513
8274 11642
8275 4089
8276 2291
8277 6399
8278 1121
8279 3052
8280 84996
8281 11266
8282 4641
8283 6734
8284 9766
8285 1960
8286 2857
8287 558
8288 48696
8289 5547
8290 3567
8291 441
8292 5651
8293 391
8294 19482
8295 24007
8296 16144
8297 458
8298 5302
8299 2004
8300 16101
8301 1247
8302 3821
8303 4973
8304 19306
8305 8890
8306 812
8307 13447
8308 8814
8309 1790
8310 9931
8311 414
8312 3744
8313 6080
8314 909
8315 2184
8316 85138
8317 668
8318 1120
8319 8371
8320 86314
8321 2582
8322 13437
8323 9964
8324 2074
8325 25072
8326 4059
8327 2072
8328 9878
8329 421
8330 31970
8331 1075
8332 1717
8333 1855
8334 4946
8335 1605
8336 6459
8337 5323
8338 3775
8339 1921
8340 21179
8341 2181
8342 3896
8343 6963
8344 15087
8345 1747
8346 12173
8347 1887
8348 2039
8349 13670
8350 8192
8351 2708
8352 67175
8353 722
8354 1031
8355 5535
8356 2268
8357 2029
8358 12204
8359 2501
8360 64971
8361 3619
8362 4338
8363 526
8364 26646
8365 7998
8366 4033
8367 1230
8368 6869
8369 418
8370 37166
8371 2077
8372 39208
8373 1294
8374 3821
8375 6568
8376 10020
8377 467
8378 3739
8379 26698
8380 7280
8381 4285
8382 11520
8383 1929
8384 15692
8385 25541
8386 3687
8387 419
8388 11383
8389 429
8390 3317
8391 1344
8392 3628
8393 9447
8394 2540
8395 8855
8396 2305
8397 5348
8398 24156
8399 3801
8400 145321
8401 3830
8402 1380
8403 1690
8404 9802
8405 3988
8406 5493
8407 2084
8408 3586
8409 1310
8410 7234
8411 2030
8412 5459
8413 1954
8414 3725
8415 53693
8416 10918
8417 1941
8418 11992
8419 426
8420 7636
8421 5833
8422 895
8423 642
8424 50587
8425 4835
8426 4282
8427 3002
8428 17922
8429 447
8430 10627
8431 495
8432 32375
8433 3138
8434 877
8435 7974
8436 26771
8437 10905
8438 840
8439 6355
8440 13892
8441 2009
8442 24164
8443 396
8444 2183
8445 5308
8446 4532
8447 754
8448 76874
8449 12253
8450 17071
8451 4645
8452 2127
8453 1921
8454 2467
8455 8706
8456 15630
8457 1407
8458 837
8459 2453
8460 45961
8461 499
8462 866
8463 28364
8464 14333
8465 1679
8466 11769
8467 415
8468 8534
8469 2483
8470 31714
8471 2030
8472 9876
8473 1971
8474 3935
8475 10843
8476 8602
8477 3916
8478 9113
8479 2324
8480 43381
8481 6887
8482 899
8483 2059
8484 23916
8485 1733
8486 833
8487 12973
8488 3476
8489 1868
8490 9507
8491 1774
8492 8669
8493 6314
8494 4154
8495 2086
8496 41128
8497 2364
8498 4045
8499 1326
8500 26236
8501 480
8502 11760
8503 1882
8504 3471
8505 33124
8506 791
8507 1965
8508 5604
8509 1974
8510 17067
8511 1780
8512 69222
8513 608
8514 27249
8515 8581
8516 2157
8517 6136
8518 947
8519 2513
8520 39468
8521 633
8522 931
8523 2648
8524 2085
8525 18249
8526 24914
8527 480
8528 31665
8529 1507
8530 3499
8531 2155
8532 19590
8533 9394
8534 4004
8535 5298
8536 16356
8537 455
8538 2553
8539 438
8540 33475
8541 13949
8542 923
8543 579
8544 31859
8545 1979
8546 878
8547 26810
8548 1945
8549 1799
8550 47082
8551 2206
8552 3445
8553 1201
8554 18299
8555 8568
8556 26230
8557 2067
8558 4060
8559 5256
8560 27197
8561 2266
8562 2678
8563 436
8564 2308
8565 5530
8566 1143
8567 3223
8568 93680
8569 13090
8570 4074
8571 1516
8572 2322
8573 447
8574 2686
8575 13618
8576 23572
8577 3268
8578 1005
8579 2661
8580 101844
8581 672
8582 4244
8583 1484
8584 17427
8585 9262
8586 13357
8587 1998
8588 8958
8589 5540
8590 3453
8591 4939
8592 19317
8593 2235
8594 812
8595 10853
8596 8303
8597 421
8598 2494
8599 513
8600 29007
8601 6516
8602 19714
8603 1813
8604 11431
8605 1655
8606 3855
8607 5775
8608 10507
8609 419
8610 44634
8611 1783
8612 1800
8613 21532
8614 3827
8615 1828
8616 9571
8617 1980
8618 3843
8619 12806
8620 7504
8621 1960
8622 5830
8623 607
8624 60699
8625 21434
8626 4107
8627 438
8628 5713
8629 417
8630 3581
8631 13498
8632 16934
8633 2174
8634 2663
8635 9017
8636 9976
8637 1631
8638 4896
8639 3433
8640 133639
8641 1012
8642 5072
8643 6872
8644 2451
8645 39828
8646 12171
8647 510
8648 16708
8649 6759
8650 7632
8651 2017
8652 23906
8653 1985
8654 802
8655 5090
8656 6523
8657 1791
8658 25589
8659 1722
8660 7366
8661 1186
8662 3908
8663 465
8664 20500
8665 1922
8666 3739
8667 6553
8668 8356
8669 408
8670 21177
8671 9763
8672 10850
8673 12469
8674 800
8675 3710
8676 11824
8677 464
8678 901
8679 7304
8680 59953
8681 601
8682 2785
8683 2094
8684 9205
8685 11029
8686 3984
8687 10725
8688 19176
8689 492
8690 16312
8691 1177
8692 8693
8693 382
8694 39829
8695 7890
8696 3542
8697 5977
8698 857
8699 505
8700 46996
8701 9806
8702 4122
8703 3042
8704 34739
8705 1934
8706 2579
8707 408
8708 8673
8709 1304
8710 17773
8711 2635
8712 44173
8713 601
8714 919
8715 23561
8716 2003
8717 1938
8718 2624
8719 506
8720 26398
8721 23973
8722 8332
8723 10900
8724 5545
8725 3537
8726 782
8727 1320
8728 3634
8729 9921
8730 22197
8731 443
8732 9745
8733 6868
8734 5101
8735 3166
8736 138325
8737 1037
8738 5261
8739 3482
8740 38328
8741 524
8742 12821
8743 2109
8744 3733
8745 24614
8746 793
8747 426
8748 12260
8749 2283
8750 16226
8751 1225
8752 6570
8753 398
8754 2385
8755 8071
8756 8853
8757 12247
8758 4155
8759 2618
8760 39232
8761 606
8762 4395
8763 6128
8764 8407
8765 1722
8766 5203
8767 1931
8768 16078
8769 6270
8770 3274
8771 4115
8772 25617
8773 2067
8774 3790
8775 40043
8776 3414
8777 1760
8778 53244
8779 400
8780 7444
8781 1279
8782 901
8783 582
8784 40925
8785 8911
8786 4210
8787 6154
8788 6601
8789 9714
8790 10320
8791 2040
8792 15242
8793 2830
8794 837
8795 1809
8796 5957
8797 2111
8798 4408
8799 7671
8800 91651
8801 2662
8802 10076
8803 467
8804 9349
8805 5372
8806 19255
8807 445
8808 10393
8809 2295
8810 3312
8811 13179
8812 1999
8813 1867
8814 12734
8815 9315
8816 34076
8817 1586
8818 1018
8819 664
8820 92059
8821 628
8822 4295
8823 6569
8824 3915
8825 3869
8826 2439
8827 9194
8828 2154
8829 6872
8830 3881
8831 743
8832 64439
8833 5524
8834 4405
8835 27346
8836 4623
8837 476
8838 6085
8839 662
8840 67352
8841 7324
8842 1022
8843 2530
8844 27220
8845 9390
8846 940
8847 3185
8848 30144
8849 533
8850 22938
8851 2033
8852 2017
8853 6447
8854 4170
8855 42202
8856 35137
8857 2515
8858 4008
8859 1250
8860 7468
8861 383
8862 10803
8863 411
8864 10805
8865 10865
8866 19149
8867 424
8868 5294
8869 3799
8870 3228
8871 1243
8872 3423
8873 1957
8874 26616
8875 6105
8876 8499
8877 6430
8878 4636
8879 3005
8880 75960
8881 2846
8882 1087
8883 21008
8884 2170
8885 1813
8886 2536
8887 446
8888 16692
8889 1464
8890 15959
8891 2232
8892 56419
8893 545
8894 899
8895 5513
8896 16702
8897 10380
8898 2587
8899 2004
8900 16499
8901 14075
8902 935
8903 2572
8904 44382
8905 9911
8906 4213
8907 1264
8908 8950
8909 1896
8910 51741
8911 9137
8912 6637
8913 1241
8914 789
8915 1536
8916 5378
8917 2174
8918 12960
8919 2801
8920 13508
8921 2048
8922 2422
8923 435
8924 9317
8925 52943
8926 1030
8927 2783
8928 69273
8929 740
8930 18397
8931 6798
8932 40393
8933 472
8934 2533
8935 1645
8936 3668
8937 4417
8938 3932
8939 1852
8940 21920
8941 459
8942 4275
8943 6581
8944 31998
8945 1841
8946 24857
8947 1867
8948 1884
8949 5872
8950 7221
8951 449
8952 10218
8953 2092
8954 9034
8955 11245
8956 2106
8957 4659
8958 3107
8959 6327
8960 101349
8961 8674
8962 1072
8963 563
8964 20803
8965 9272
8966 907
8967 13534
8968 17413
8969 487
8970 51710
8971 452
8972 2256
8973 2939
8974 4490
8975 5382
8976 91097
8977 3153
8978 2157
8979 6516
8980 8009
8981 1870
8982 5302
8983 1935
8984 3594
8985 4925
8986 796
8987 10288
8988 24134
8989 1990
8990 17200
8991 9223
8992 11238
8993 4742
8994 2514
8995 7719
8996 8983
8997 1328
8998 4578
8999 694
9000 62021
9001 686
9002 4017
9003 1282
9004 1966
9005 1649
9006 11887
9007 410
9008 6711
9009 60008
9010 16833
9011 396
9012 5662
9013 438
9014 835
9015 5727
9016 32964
9017 2234
9018 9518
9019 2339
9020 36522
9021 6524
9022 4592
9023 2494
9024 47587
9025 9567
9026 951
9027 13610
9028 9035
9029 423
9030 45632
9031 1944
9032 3508
9033 1207
9034 761
9035 8223
9036 11926
9037 1841
9038 811
9039 6757
9040 27208
9041 519
9042 12686
9043 492
9044 41842
9045 20158
9046 1037
9047 2575
9048 49770
9049 646
9050 7836
9051 5791
9052 9229
9053 1932
9054 5380
9055 1697
9056 11304
9057 1285
9058 3781
9059 451
9060 21914
9061 10373
9062 4019
9063 14460
9064 16478
9065 17808
9066 2549
9067 463
9068 2186
9069 1430
9070 4086
9071 3193
9072 90173
9073 2903
9074 4765
9075 24562
9076 2188
9077 2052
9078 12226
9079 2044
9080 13743
9081 2922
9082 4177
9083 1859
9084 5495
9085 8181
9086 17867
9087 6361
9088 21387
9089 1906
9090 21642
9091 374
9092 1846
9093 5531
9094 787
9095 8775
9096 10586
9097 2183
9098 862
9099 5127
9100 71697
9101 2673
9102 12985
9103 452
9104 7458
9105 5402
9106 4123
9107 2073
9108 57306
9109 537
9110 3764
9111 1525
9112 18043
9113 2201
9114 25726
9115 2007
9116 10096
9117 3259
9118 5354
9119 3777
9120 128082
9121 3314
9122 1292
9123 1582
9124 2384
9125 6545
9126 20089
9127 466
9128 15505
9129 6446
9130 16726
9131 2021
9132 5463
9133 419
9134 766
9135 50144
9136 6577
9137 477
9138 2404
9139 10564
9140 7573
9141 6152
9142 3790
9143 2335
9144 21442
9145 9006
9146 4046
9147 1255
9148 2057
9149 1976
9150 23904
9151 664
9152 76382
9153 8213
9154 4352
9155 1988
9156 25247
9157 466
9158 4330
9159 6364
9160 13987
9161 489
9162 5264
9163 20314
9164 9032
9165 25863
9166 825
9167 2211
9168 19561
9169 2188
9170 15631
9171 2631
9172 1983
9173 445
9174 12052
9175 3886
9176 17500
9177 31411
9178 4373
9179 2347
9180 79512
9181 652
9182 1041
9183 1697
9184 51193
9185 9582
9186 2695
9187 450
9188 2096
9189 2674
9190 3575
9191 10139
9192 10457
9193 2109
9194 824
9195 5462
9196 20148
9197 2142
9198 26351
9199 625
9200 59472
9201 1740
9202 4287
9203 524
9204 27091
9205 8124
9206 833
9207 22445
9208 3706
9209 436
9210 10295
9211 1991
9212 18382
9213 6568
9214 4272
9215 10686
9216 53897
9217 2474
9218 4585
9219 5880
9220 7907
9221 451
9222 12061
9223 1969
9224 3446
9225 25035
9226 3799
9227 401
9228 5535
9229 2376
9230 16913
9231 6359
9232 6911
9233 2317
9234 18375
9235 2096
9236 2468
9237 1759
9238 5562
9239 1244
9240 169385
9241 1250
9242 1492
9243 15225
9244 2633
9245 4425
9246 13536
9247 2471
9248 24494
9249 1598
9250 12895
9251 5268
9252 12084
9253 1972
9254 3969
9255 5542
9256 16214
9257 468
9258 2529
9259 1885
9260 7766
9261 14882
9262 4281
9263 2193
9264 19426
9265 9264
9266 4013
9267 1237
9268 8323
9269 9679
9270 22153
9271 2056
9272 16463
9273 6465
9274 844
9275 17398
9276 5866
9277 456
9278 975
9279 3660
9280 64944
9281 633
9282 58976
9283 456
9284 9569
9285 5612
9286 941
9287 2449
9288 36704
9289 2445
9290 3794
9291 6266
9292 9414
9293 475
9294 2640
9295 18957
9296 30602
9297 3136
9298 935
9299 2214
9300 48117
9301 2200
9302 875
9303 5604
9304 3614
9305 1697
9306 26179
9307 1913
9308 9114
9309 6348
9310 35102
9311 569
9312 32274
9313 2265
9314 887
9315 27928
9316 9046
9317 6517
9318 2450
9319 462
9320 14464
9321 6687
9322 4142
9323 564
9324 52895
9325 4101
9326 938
9327 1505
9328 32371
9329 2130
9330 10354
9331 9244
9332 1902
9333 13318
9334 4172
9335 1871
9336 10075
9337 431
9338 19019
9339 5957
9340 7670
9341 408
9342 9119
9343 485
9344 22238
9345 24773
9346 908
9347 2532
9348 27331
9349 485
9350 37840
9351 3187
9352 16329
9353 2244
9354 2773
9355 2026
9356 2518
9357 1728
9358 1398
9359 7206
9360 162247
9361 15852
9362 5418
9363 1717
9364 2411
9365 2045
9366 11702
9367 10405
9368 3928
9369 4848
9370 3602
9371 483
9372 26509
9373 10365
9374 4044
9375 7867
9376 11865
9377 449
9378 5666
9379 2138
9380 34850
9381 7235
9382 997
9383 2648
9384 49871
9385 2399
9386 9512
9387 12976
9388 2032
9389 1898
9390 10139
9391 410
9392 7058
9393 6269
9394 18336
9395 1782
9396 29203
9397 488
9398 4229
9399 7273
9400 30848
9401 10950
9402 2737
9403 502
9404 2420
9405 57642
9406 1119
9407 3174
9408 92727
9409 1567
9410 4175
9411 1489
9412 9824
9413 441
9414 5728
9415 8413
9416 16766
9417 6564
9418 4164
9419 470
9420 22639
9421 474
9422 3992
9423 5007
9424 32993
9425 19097
9426 2597
9427 1891
9428 1942
9429 5428
9430 16996
9431 485
9432 21440
9433 502
9434 3998
9435 26419
9436 8460
9437 412
9438 26674
9439 573
9440 43907
9441 3297
9442 842
9443 9155
9444 5415
9445 1608
9446 787
9447 5903
9448 3371
9449 1855
9450 72568
9451 1904
9452 8792
9453 5849
9454 3969
9455 9228
9456 19744
9457 4603
9458 876
9459 2818
9460 36086
9461 485
9462 12894
9463 547
9464 32617
9465 5840
9466 884
9467 446
9468 12157
9469 2093
9470 3496
9471 29979
9472 28471
9473 514
9474 2542
9475 3850
9476 9269
9477 11860
9478 4033
9479 628
9480 40141
9481 2669
9482 4415
9483 6105
9484 1976
9485 7508
9486 27171
9487 1969
9488 6912
9489 1256
9490 16588
9491 440
9492 24520
9493 2250
9494 3913
9495 11528
9496 3771
9497 418
9498 2635
9499 9926
9500 28627
9501 1620
9502 1196
9503 14112
9504 114446
9505 2860
9506 9749
9507 1531
9508 2417
9509 2087
9510 11109
9511 521
9512 18200
9513 14484
9514 4421
9515 9898
9516 28920
9517 2496
9518 1219
9519 9462
9520 120617
9521 835
9522 14065
9523 2162
9524 2213
9525 11734
9526 4178
9527 2240
9528 10440
9529 2313
9530 3340
9531 4344
9532 1866
9533 418
9534 11595
9535 1798
9536 16749
9537 14532
9538 4206
9539 554
9540 47607
9541 9929
9542 4058
9543 1253
9544 3715
9545 8568
9546 12444
9547 490
9548 40159
9549 2939
9550 7647
9551 523
9552 19830
9553 2214
9554 4217
9555 50832
9556 1886
9557 2184
9558 13294
9559 4492
9560 13757
9561 1284
9562 3842
9563 1982
9564 5816
9565 1711
9566 917
9567 3455
9568 54364
9569 2531
9570 53212
9571 2227
9572 2389
9573 1457
9574 1146
9575 5498
9576 96451
9577 3057
9578 1104
9579 6679
9580 8154
9581 10172
9582 2682
9583 4355
9584 7229
9585 19643
9586 827
9587 475
9588 27396
9589 2247
9590 16336
9591 6984
9592 16834
9593 2115
9594 27573
9595 9808
9596 2410
9597 6343
9598 1188
9599 3314
9600 113588
9601 952
9602 1203
9603 14388
9604 9698
9605 8762
9606 2522
9607 1993
9608 3688
9609 1297
9610 7420
9611 1888
9612 19401
9613 440
9614 20199
9615 5063
9616 6877
9617 1961
9618 11323
9619 448
9620 36336
9621 2814
9622 4020
9623 463
9624 10492
9625 29216
9626 808
9627 1204
9628 9183
9629 469
9630 23396
9631 572
9632 50810
9633 15152
9634 916
9635 9054
9636 26785
9637 2397
9638 4113
9639 32079
9640 14361
9641 2289
9642 2512
9643 418
9644 2076
9645 5135
9646 19661
9647 2450
9648 42773
9649 583
9650 8088
9651 1375
9652 9594
9653 4190
9654 2604
9655 1929
9656 18339
9657 15021
9658 4443
9659 2662
9660 100025
9661 650
9662 1027
9663 1559
9664 17761
9665 1862
9666 9210
9667 1962
9668 2211
9669 6359
9670 3776
9671 2643
9672 49862
9673 2528
9674 4261
9675 26449
9676 9874
9677 495
9678 2903
9679 607
9680 57066
9681 7126
9682 4322
9683 2264
9684 12330
9685 8763
9686 4134
9687 1354
9688 15456
9689 441
9690 51153
9691 1953
9692 1935
9693 4312
9694 4231
9695 8616
9696 31920
9697 532
9698 4298
9699 6351
9700 16081
9701 1850
9702 51259
9703 1953
9704 3325
9705 4724
9706 3813
9707 1896
9708 5339
9709 8782
9710 3179
9711 13271
9712 6612
9713 1889
9714 2356
9715 9344
9716 8542
9717 6432
9718 4419
9719 720
9720 59139
9721 713
9722 1052
9723 6371
9724 44597
9725 4194
9726 2809
9727 2282
9728 35530
9729 15125
9730 16065
9731 2088
9732 5692
9733 437
9734 3962
9735 25207
9736 3679
9737 9300
9738 5436
9739 450
9740 8027
9741 6704
9742 1092
9743 822
9744 86584
9745 2670
9746 4826
9747 10511
9748 2210
9749 452
9750 37873
9751 4605
9752 17220
9753 1453
9754 920
9755 1757
9756 12519
9757 2149
9758 20922
9759 1668
9760 45270
9761 2372
9762 2851
9763 2109
9764 2215
9765 53317
9766 4410
9767 638
9768 48961
9769 646
9770 3746
9771 1390
9772 8882
9773 2323
9774 9579
9775 21152
9776 33382
9777 1576
9778 922
9779 9861
9780 22624
9781 467
9782 3996
9783 2758
9784 3767
9785 8507
9786 11493
9787 422
9788 2221
9789 6679
9790 19004
9791 834
9792 103805
9793 3028
9794 5057
9795 6000
9796 10396
9797 2298
9798 13837
9799 2902
9800 61538
9801 17126
9802 9791
9803 554
9804 27901
9805 9043
9806 909
9807 5970
9808 7065
9809 2337
9810 22019
9811 408
9812 8793
9813 1211
9814 3559
9815 8706
9816 10140
9817 429
9818 774
9819 2730
9820 7621
9821 9307
9822 2449
9823 10000
9824 11882
9825 11725
9826 3207
9827 2390
9828 87225
9829 590
9830 3656
9831 6551
9832 3865
9833 403
9834 12127
9835 8168
9836 2167
9837 2947
9838 1127
9839 781
9840 78993
9841 3149
9842 21705
9843 6671
9844 9737
9845 8881
9846 5516
9847 1983
9848 3754
9849 13036
9850 7675
9851 456
9852 6083
9853 2291
9854 4578
9855 24002
9856 98021
9857 724
9858 14354
9859 573
9860 38868
9861 7152
9862 946
9863 2256
9864 22719
9865 2064
9866 869
9867 31944
9868 1994
9869 1884
9870 47257
9871 429
9872 6716
9873 2743
9874 823
9875 6159
9876 5768
9877 9868
9878 4359
9879 7738
9880 67714
9881 2798
9882 14368
9883 487
9884 9020
9885 5520
9886 938
9887 564
9888 33106
9889 11938
9890 17869
9891 12471
9892 2020
9893 2026
9894 12089
9895 1772
9896 3825
9897 1304
9898 8650
9899 2611
9900 100547
9901 648
9902 953
9903 1371
9904 7367
9905 8296
9906 12486
9907 420
9908 2054
9909 4645
9910 3723
9911 12042
9912 46308
9913 2730
9914 1013
9915 5605
9916 9675
9917 2185
9918 30285
9919 10710
9920 67249
9921 1824
9922 9349
9923 463
9924 6047
9925 3922
9926 3857
9927 3004
9928 17471
9929 470
9930 10804
9931 457
9932 9708
9933 29599
9934 1056
9935 2470
9936 72784
9937 2932
9938 1070
9939 1606
9940 35363
9941 519
9942 2721
9943 2161
9944 16870
9945 57732
9946 806
9947 6566
9948 5761
9949 469
9950 7347
9951 6562
9952 11270
9953 1965
9954 24694
9955 8192
9956 9385
9957 1319
9958 4462
9959 2782
9960 40730
9961 2400
9962 4297
9963 9212
9964 9231
9965 1811
9966 12447
9967 545
9968 30376
9969 1516
9970 3516
9971 4891
9972 12340
9973 520
9974 866
9975 53817
9976 17126
9977 2175
9978 2603
9979 2120
9980 8335
9981 2929
9982 21727
9983 2757
9984 81869
9985 2453
9986 1110
9987 1456
9988 9580
9989 1870
9990 37673
9991 2046
9992 3832
9993 1339
9994 4272
9995 1895
9996 53432
9997 2494
9998 914
9999 14793
10000 29934
